time	Ace25	Ace5	BHI	But25	But5	Pro25	Pro5	Ace25	Ace5	BHI	But25	But5	Pro25	Pro5	Ace25	Ace5	BHI	But25	But5	Pro25	Pro5
0	0.03291667	0.033	0.09691667	0.04533333	0.04116667	0.10141667	0.0535	0.05708333	0.11166667	0.11875	0.06608333	0.06341667	0.13266667	0.06525	0.05541667	0.08525	0.146	0.08591667	0.08891667	0.14633333	0.11866667
900	0.05766667	0.0355	0.09358333	0.04225	0.02333333	0.02541667	0.1055	0.08541667	0.11891667	0.1175	0.06366667	0.0465	0.05875	0.11733333	0.08333333	0.09541667	0.14225	0.08533333	0.07108333	0.07225	0.17416667
1800	0.06916667	0.01558333	0.01441667	0.09875	0.03425	0.03391667	0.10475	0.09825	0.10125	0.03925	0.11991667	0.05775	0.06683333	0.1175	0.09566667	0.07483333	0.0605	0.14275	0.08275	0.08041667	0.17541667
2700	0.1205	0.0325	0.026	0.09975	0.03691667	0.02	0.03375	0.15225	0.11991667	0.05208333	0.12091667	0.06108333	0.05358333	0.04725	0.14841667	0.09533333	0.07308333	0.145	0.08641667	0.06766667	0.10558333
3600	0.12225	0.03508333	0.01125	0.02633333	0.09633333	0.03383333	0.04458333	0.1565	0.12408333	0.03916667	0.04816667	0.12191667	0.06858333	0.06016667	0.15191667	0.09975	0.05916667	0.07283333	0.14716667	0.08058333	0.11841667
4500	0.0315	0.09858333	0.02983333	0.03758333	0.09925	0.03683333	0.03225	0.07025	0.19041667	0.05983333	0.06066667	0.12633333	0.07341667	0.05025	0.06391667	0.16608333	0.0775	0.08491667	0.15	0.08416667	0.10533333
5400	0.05116667	0.10275	0.03625	0.02508333	0.02958333	0.097	0.04775	0.0955	0.19791667	0.06983333	0.04916667	0.05875	0.13583333	0.06908333	0.08525	0.17158333	0.08358333	0.0725	0.08	0.14358333	0.12075
6300	0.02891667	0.02825	0.101	0.04091667	0.04358333	0.1005	0.05325	0.07875	0.12675	0.13816667	0.06658333	0.07558333	0.14183333	0.07866667	0.0615	0.0965	0.14541667	0.08833333	0.09325	0.14675	0.12575
7200	0.05958333	0.044	0.10791667	0.04608333	0.0345	0.03383333	0.11416667	0.11625	0.14775	0.149	0.07358333	0.06975	0.07808333	0.1435	0.09433333	0.11216667	0.151	0.09233333	0.08233333	0.07858333	0.18516667
8100	0.07808333	0.03458333	0.03883333	0.10783333	0.053	0.048	0.12208333	0.14366667	0.14291667	0.08775	0.13733333	0.09225	0.09491667	0.15616667	0.114	0.10058333	0.07975	0.15383333	0.09883333	0.09158333	0.19075
9000	0.13691667	0.06091667	0.06033333	0.11316667	0.06341667	0.04025	0.05933333	0.21133333	0.17508333	0.11783333	0.14491667	0.10683333	0.09133333	0.09991667	0.17383333	0.12591667	0.096	0.1575	0.10633333	0.08216667	0.12566667
9900	0.14641667	0.07408333	0.058	0.04458333	0.13183333	0.05966667	0.07941667	0.22733333	0.19391667	0.123	0.07966667	0.18033333	0.11483333	0.126	0.18241667	0.13466667	0.08716667	0.0875	0.17025	0.10008333	0.14125
10800	0.06866667	0.15116667	0.0895	0.06008333	0.14375	0.07016667	0.078	0.1575	0.27591667	0.165	0.09858333	0.1985	0.12975	0.13166667	0.10333333	0.20716667	0.11258333	0.1015	0.17833333	0.10766667	0.13508333
11700	0.10191667	0.17116667	0.11341667	0.05241667	0.08675	0.13716667	0.10575	0.19808333	0.29925	0.205	0.09491667	0.1475	0.20133333	0.16866667	0.13616667	0.2225	0.12683333	0.09175	0.11608333	0.17133333	0.15633333
12600	0.098	0.11483333	0.20058333	0.07366667	0.112	0.14891667	0.12516667	0.2015	0.24408333	0.29966667	0.12116667	0.18125	0.21833333	0.19775	0.12866667	0.15691667	0.2015	0.11191667	0.135	0.17808333	0.17058333
13500	0.14425	0.15058333	0.23158333	0.08475	0.11733333	0.09158333	0.20058333	0.25558333	0.28241667	0.33775	0.13816667	0.18966667	0.16575	0.286	0.167	0.18525	0.22291667	0.11983333	0.13333333	0.11608333	0.24158333
14400	0.17925	0.1623333	0.1860833	0.1526667	0.1521667	0.1163333	0.22575	0.3004167	0.2960833	0.303	0.2116667	0.2265833	0.1949167	0.3193333	0.1946667	0.1855	0.1681667	0.1845833	0.1606667	0.1356667	0.25825
15300	0.25625	0.2149167	0.2300833	0.165	0.1786667	0.1178333	0.18125	0.3928333	0.3564167	0.3638333	0.2295833	0.259	0.2040833	0.28625	0.2679167	0.2244167	0.2065833	0.191	0.1810833	0.13525	0.2075
16200	0.2899167	0.2381667	0.2521667	0.1040833	0.2661667	0.1501667	0.2233333	0.4210833	0.40225	0.3830833	0.1739167	0.3558333	0.2421667	0.3199167	0.2973333	0.2501667	0.2180833	0.1259167	0.25525	0.1628333	0.236
17100	0.2354167	0.3425833	0.306	0.1283333	0.2913333	0.1711667	0.23475	0.36725	0.4894167	0.4478333	0.2031667	0.38675	0.26575	0.34175	0.2353333	0.3385833	0.2635833	0.1453333	0.27475	0.1764167	0.2455
18000	0.2791667	0.3849167	0.3544167	0.1295833	0.25975	0.2566667	0.2901667	0.4223333	0.5219167	0.4935	0.2146667	0.3574167	0.3569167	0.3923333	0.2753333	0.36975	0.29175	0.14125	0.22275	0.2514167	0.2839167
18900	0.2960833	0.3425	0.4579167	0.1614167	0.29525	0.2768333	0.3283333	0.443	0.4765833	0.59175	0.2478333	0.42075	0.3784167	0.4298333	0.2820833	0.319	0.3815	0.1656667	0.25725	0.2708333	0.3153333
19800	0.362	0.4045833	0.50325	0.18275	0.3250833	0.2360833	0.42925	0.5029167	0.5210833	0.6254167	0.2724167	0.44475	0.3346667	0.53525	0.3309167	0.3553333	0.4034167	0.1810833	0.2691667	0.2209167	0.3985833
20700	0.4113333	0.42275	0.4625833	0.257	0.3659167	0.2666667	0.4675833	0.5486667	0.542	0.5784167	0.3566667	0.48225	0.3704167	0.58425	0.3703333	0.3583333	0.34575	0.255	0.3083333	0.2543333	0.4281667
21600	0.5073333	0.4773333	0.5119167	0.2936667	0.4193333	0.28275	0.4370833	0.6334167	0.6005	0.6155	0.3835	0.53	0.39075	0.5489167	0.4473333	0.3900833	0.3749167	0.2724167	0.33275	0.2633333	0.3828333
22500	0.54775	0.52475	0.5305	0.2359167	0.5185	0.3304167	0.4863333	0.666	0.6320833	0.6268333	0.3405833	0.6143333	0.4464167	0.5910833	0.4699167	0.4055833	0.37775	0.21825	0.4130833	0.2999167	0.4180833
23400	0.4986667	0.61725	0.5729167	0.2735833	0.55175	0.36175	0.51125	0.6165833	0.7171667	0.66375	0.3875833	0.64825	0.4774167	0.6070833	0.4013333	0.48175	0.4088333	0.2464167	0.43675	0.3224167	0.4255
24300	0.54975	0.6453333	0.6038333	0.28575	0.5211667	0.4564167	0.5624167	0.6535833	0.7385833	0.68125	0.4005	0.6106667	0.5625	0.63975	0.43175	0.4951667	0.41675	0.2514167	0.3834167	0.3999167	0.45525
25200	0.5601667	0.59225	0.689	0.3229167	0.5664167	0.4958333	0.594	0.6461667	0.66925	0.74075	0.43975	0.6339167	0.5936667	0.6505	0.42225	0.4275	0.48775	0.2855833	0.412	0.4183333	0.4663333
26100	0.6030833	0.6183333	0.7074167	0.3648333	0.5871667	0.46175	0.6815	0.68225	0.69	0.7408333	0.4694167	0.6348333	0.5519167	0.71225	0.4555833	0.4438333	0.4956667	0.3051667	0.4083333	0.36575	0.5305833
27000	0.6283333	0.606	0.6438333	0.4561667	0.6230833	0.5006667	0.69825	0.70325	0.6754167	0.6644167	0.5608333	0.65575	0.5830833	0.7230833	0.47375	0.4285833	0.4245	0.3836667	0.4243333	0.3929167	0.5380833
27900	0.6970833	0.628	0.6553333	0.4911667	0.6495	0.5250833	0.6338333	0.7639167	0.6894167	0.673	0.5920833	0.6661667	0.59325	0.65625	0.5343333	0.4463333	0.4334167	0.4025833	0.4305833	0.3949167	0.4670833
28800	0.70525	0.6226667	0.64075	0.4454167	0.7141667	0.5716667	0.6545	0.7649167	0.6884167	0.6465833	0.54275	0.7260833	0.6221667	0.6576667	0.53925	0.4480833	0.41675	0.3451667	0.4906667	0.4181667	0.4795833
29700	0.6244167	0.6800833	0.6515833	0.4926667	0.7223333	0.599	0.64375	0.6826667	0.7428333	0.6564167	0.5756667	0.7229167	0.637	0.6445833	0.4555	0.5085	0.4329167	0.36925	0.4898333	0.4301667	0.4654167
30600	0.6334167	0.6775	0.6505	0.5088333	0.6491667	0.6789167	0.6599167	0.6945833	0.7429167	0.6534167	0.57925	0.6480833	0.7	0.6549167	0.47	0.5110833	0.43475	0.36875	0.4188333	0.4958333	0.47625
31500	0.6118333	0.5964167	0.7035	0.5489167	0.65625	0.6958333	0.6598333	0.6714167	0.6588333	0.705	0.6084167	0.656	0.7060833	0.65225	0.4523333	0.43125	0.48875	0.3954167	0.4276667	0.4991667	0.4789167
32400	0.6315833	0.6035833	0.6981667	0.5706667	0.6431667	0.6310833	0.7133333	0.6905	0.6601667	0.70175	0.6244167	0.6360833	0.632	0.7081667	0.47325	0.43975	0.4909167	0.40875	0.41075	0.4314167	0.5331667
33300	0.6326667	0.581	0.6174167	0.65425	0.65375	0.6460833	0.7103333	0.6930833	0.6435	0.6229167	0.693	0.6469167	0.6415	0.70725	0.481	0.4235833	0.41375	0.4739167	0.4225833	0.4416667	0.5350833
34200	0.687	0.5941667	0.6195	0.673	0.6546667	0.632	0.6363333	0.7481667	0.6550833	0.6271667	0.6983333	0.6475833	0.6231667	0.6310833	0.53775	0.4380833	0.42275	0.4791667	0.4234167	0.4276667	0.4624167
35100	0.68325	0.5879167	0.5993333	0.6139167	0.7101667	0.6394167	0.6421667	0.747	0.651	0.6075833	0.6266667	0.7015	0.6341667	0.6385833	0.539	0.43875	0.4081667	0.407	0.4795	0.4393333	0.4705
36000	0.5970833	0.6473333	0.6076667	0.6343333	0.71	0.6401667	0.6244167	0.65925	0.7090833	0.6194167	0.6413333	0.6974167	0.6325	0.619	0.4546667	0.5003333	0.4205833	0.4183333	0.47825	0.4388333	0.45675
36900	0.6069167	0.6470833	0.6068333	0.6275	0.6335833	0.6936667	0.6306667	0.6658333	0.71075	0.61925	0.62425	0.61925	0.6830833	0.6268333	0.4646667	0.5019167	0.4245833	0.404	0.4034167	0.49475	0.4699167
37800	0.5839167	0.5608333	0.65975	0.6408333	0.64175	0.68925	0.6303333	0.6413333	0.62875	0.6754167	0.63475	0.62525	0.67825	0.6264167	0.4438333	0.4216667	0.4815	0.4115	0.412	0.4921667	0.46975
38700	0.6021667	0.5693333	0.6588333	0.6464167	0.6204167	0.613	0.6823333	0.6559167	0.6348333	0.6691667	0.6331667	0.60925	0.6048333	0.6781667	0.4631667	0.431	0.4803333	0.4114167	0.3973333	0.4164167	0.526
39600	0.604	0.5509167	0.5763333	0.705	0.6273333	0.618	0.6790833	0.6590833	0.61275	0.5874167	0.68425	0.6189167	0.6086667	0.6763333	0.4694167	0.41275	0.4039167	0.46525	0.4068333	0.4270833	0.5240833
40500	0.65825	0.5636667	0.5823333	0.7016667	0.6265833	0.5981667	0.6040833	0.712	0.6284167	0.5935833	0.6821667	0.6176667	0.59	0.60075	0.5245833	0.4256667	0.4130833	0.4615	0.4084167	0.4095	0.4531667
41400	0.65425	0.5643333	0.5591667	0.6255	0.6785	0.6045	0.6134167	0.7083333	0.628	0.5775	0.6034167	0.67175	0.59725	0.6045	0.524	0.4284167	0.3965	0.384	0.4656667	0.42025	0.4633333
42300	0.5681667	0.6235	0.57125	0.6308333	0.6764167	0.604	0.5908333	0.61725	0.6841667	0.5855	0.60625	0.6661667	0.5961667	0.5891667	0.4393333	0.4881667	0.411	0.3894167	0.4635	0.4195833	0.4440833
43200	0.57575	0.6189167	0.5710833	0.606	0.6026667	0.6554167	0.6006667	0.6251667	0.6821667	0.5833333	0.5865	0.592	0.6503333	0.5933333	0.4485	0.48725	0.41	0.371	0.38825	0.47425	0.45675
44100	0.5506667	0.538	0.6245	0.614	0.60725	0.653	0.5990833	0.5989167	0.59725	0.63775	0.5930833	0.59775	0.6440833	0.5925	0.42525	0.4071667	0.46975	0.3801667	0.39525	0.4719167	0.4533333
45000	0.5654167	0.5448333	0.6221667	0.6105	0.5868333	0.57575	0.64825	0.6115833	0.6046667	0.63375	0.59	0.57725	0.5683333	0.6425833	0.44325	0.4165833	0.4655	0.3803333	0.3815833	0.3980833	0.5101667
45900	0.5668333	0.5243333	0.54075	0.6615	0.5959167	0.5805833	0.6476667	0.6143333	0.58225	0.5548333	0.64325	0.5838333	0.57225	0.6364167	0.4463333	0.3965	0.3893333	0.4365	0.3903333	0.4045	0.5083333
46800	0.6178333	0.53425	0.54275	0.6569167	0.5926667	0.56125	0.5735	0.6651667	0.5914167	0.5555833	0.6394167	0.5840833	0.552	0.5651667	0.5025	0.4089167	0.3966667	0.4338333	0.3913333	0.3883333	0.43375
47700	0.6156667	0.5330833	0.5243333	0.5794167	0.6458333	0.57075	0.5753333	0.6615833	0.5895833	0.5356667	0.564	0.6351667	0.5593333	0.5690833	0.50125	0.4085833	0.3788333	0.3589167	0.4475833	0.3990833	0.4415833
48600	0.52825	0.587	0.5350833	0.5793333	0.6431667	0.5668333	0.5569167	0.57525	0.6425	0.5428333	0.5650833	0.6308333	0.5538333	0.548	0.4146667	0.4670833	0.391	0.36625	0.4459167	0.3975	0.42175
49500	0.5324167	0.5840833	0.53075	0.5605833	0.56775	0.6190833	0.5658333	0.5805833	0.6390833	0.53975	0.5463333	0.5546667	0.6060833	0.5543333	0.42425	0.4649167	0.3914167	0.35025	0.37125	0.452	0.4334167
50400	0.50775	0.5020833	0.5865	0.5689167	0.5713333	0.61575	0.5580833	0.558	0.5568333	0.5925	0.5515833	0.5595833	0.60475	0.5505833	0.3995833	0.3869167	0.4469167	0.3614167	0.3774167	0.4500833	0.4313333
51300	0.5233333	0.5035833	0.582	0.5649167	0.5496667	0.5374167	0.6089167	0.56975	0.5600833	0.58575	0.5501667	0.53725	0.5259167	0.5986667	0.4176667	0.3933333	0.4466667	0.3630833	0.3605	0.3760833	0.4825
52200	0.52075	0.4805833	0.4973333	0.6188333	0.5538333	0.544	0.60475	0.5709167	0.5385	0.5049167	0.6056667	0.5424167	0.53025	0.5955833	0.419	0.37225	0.3656667	0.4198333	0.3698333	0.3819167	0.4824167
53100	0.5751667	0.4935	0.5030833	0.6158333	0.55225	0.5239167	0.5255833	0.6280833	0.5435	0.50625	0.5985	0.5404167	0.50725	0.5174167	0.4761667	0.38725	0.3713333	0.4193333	0.3691667	0.36575	0.4095833
54000	0.57425	0.4873333	0.4845833	0.53625	0.6030833	0.53025	0.533	0.623	0.54125	0.4843333	0.5215833	0.5959167	0.5174167	0.5246667	0.4735833	0.3879167	0.356	0.3441667	0.4249167	0.3753333	0.4145
54900	0.4866667	0.5425	0.4914167	0.5420833	0.5994167	0.5275833	0.5135833	0.5401667	0.598	0.4926667	0.5263333	0.5891667	0.5168333	0.5011667	0.39	0.4460833	0.36475	0.3524167	0.4229167	0.3761667	0.397
55800	0.49675	0.53675	0.488	0.519	0.52375	0.58	0.5201667	0.5493333	0.5915	0.4888333	0.5050833	0.51325	0.5675	0.51125	0.398	0.44725	0.3668333	0.3369167	0.349	0.4315	0.4104167
56700	0.4706667	0.45375	0.5396667	0.5256667	0.5305833	0.5745833	0.5156667	0.5233333	0.5149167	0.5445	0.5134167	0.5175	0.5658333	0.5045	0.3775	0.3669167	0.4240833	0.3460833	0.3573333	0.43	0.4085833
57600	0.4881667	0.4609167	0.5359167	0.5235833	0.507	0.5015	0.565	0.5424167	0.5189167	0.54175	0.51025	0.4968333	0.4901667	0.556	0.3923333	0.3773333	0.4224167	0.3476667	0.3401667	0.3578333	0.4625833
58500	0.4888333	0.44025	0.4585833	0.5768333	0.5124167	0.506	0.5608333	0.5430833	0.4971667	0.45725	0.5663333	0.50575	0.4941667	0.55625	0.3941667	0.3583333	0.345	0.4029167	0.3504167	0.366	0.4608333
59400	0.5450833	0.4476667	0.45575	0.5745	0.5121667	0.4875	0.4864167	0.6015	0.5118333	0.4628333	0.5649167	0.50325	0.4784167	0.47925	0.4528333	0.3724167	0.3498333	0.4015	0.3513333	0.3490833	0.3874167
60300	0.5435	0.4489167	0.43725	0.49825	0.56275	0.49625	0.4964167	0.60325	0.5096667	0.4406667	0.48475	0.5555	0.48725	0.4890833	0.4515	0.37525	0.3353333	0.3276667	0.40625	0.3611667	0.3963333
61200	0.4625833	0.5073333	0.4461667	0.5045833	0.5599167	0.49375	0.474	0.52075	0.5698333	0.452	0.4931667	0.5520833	0.4879167	0.4654167	0.36975	0.4353333	0.3480833	0.3365833	0.4055833	0.3604167	0.38025
62100	0.4718333	0.5033333	0.4425	0.485	0.4855	0.5473333	0.48725	0.5301667	0.5664167	0.4505	0.4695833	0.479	0.5424167	0.4804167	0.376	0.4343333	0.34675	0.3199167	0.332	0.4171667	0.3940833
63000	0.451	0.4208333	0.49925	0.4925833	0.4880833	0.54675	0.4795	0.5074167	0.488	0.5071667	0.4811667	0.4818333	0.5419167	0.4784167	0.35725	0.3548333	0.404	0.3304167	0.3405	0.4159167	0.3893333
63900	0.4691667	0.43175	0.49825	0.4898333	0.471	0.4726667	0.5315833	0.5250833	0.4995833	0.50425	0.4826667	0.46425	0.47	0.5285833	0.3736667	0.3641667	0.4041667	0.3313333	0.3229167	0.3428333	0.4446667
64800	0.4719167	0.4101667	0.4161667	0.5464167	0.4771667	0.4776667	0.531	0.5289167	0.4736667	0.4224167	0.53575	0.4755	0.4771667	0.5290833	0.3756667	0.3453333	0.3298333	0.3888333	0.3340833	0.35225	0.4425
65700	0.5284167	0.4278333	0.4210833	0.5460833	0.47475	0.4630833	0.4571667	0.5850833	0.49025	0.43	0.5341667	0.4720833	0.45925	0.4551667	0.4341667	0.3618333	0.3366667	0.3875	0.3343333	0.3361667	0.3710833
66600	0.5316667	0.426	0.4046667	0.4698333	0.53125	0.4708333	0.4674167	0.5866667	0.4916667	0.4141667	0.4566667	0.5278333	0.4715	0.46675	0.43325	0.3653333	0.321	0.3141667	0.392	0.35025	0.3816667
67500	0.4473333	0.48375	0.4135	0.47775	0.5285833	0.4685	0.4486667	0.5033333	0.55125	0.4243333	0.462	0.52775	0.4731667	0.4495833	0.3505833	0.42375	0.3345833	0.3220833	0.39025	0.351	0.36575
68400	0.4604167	0.4861667	0.4151667	0.4585833	0.45325	0.5265833	0.4564167	0.513	0.5543333	0.4245833	0.4455	0.4519167	0.5303333	0.4596667	0.359	0.42425	0.3339167	0.30675	0.31675	0.4068333	0.3804167
69300	0.4425	0.4041667	0.473	0.4646667	0.4598333	0.5244167	0.4564167	0.4935	0.4705833	0.48275	0.4533333	0.4583333	0.5265833	0.46075	0.3394167	0.34425	0.3915	0.3174167	0.3264167	0.4070833	0.3789167
70200	0.4559167	0.4168333	0.4704167	0.4680833	0.4444167	0.4533333	0.51325	0.5061667	0.4851667	0.4765	0.4546667	0.4375	0.4571667	0.5173333	0.3550833	0.3555	0.3904167	0.3199167	0.3104167	0.3343333	0.4361667
71100	0.4605833	0.3994167	0.3943333	0.52525	0.4481667	0.46575	0.51075	0.50925	0.4638333	0.4013333	0.5093333	0.4513333	0.4655	0.5159167	0.3575	0.3375	0.31675	0.3774167	0.3230833	0.34525	0.4348333
72000	0.52125	0.41675	0.4030833	0.5201667	0.45025	0.44825	0.43825	0.5699167	0.4783333	0.40925	0.50625	0.4533333	0.4484167	0.4451667	0.4181667	0.3518333	0.3246667	0.3755833	0.3248333	0.33	0.3615
72900	0.5195	0.4169167	0.3818333	0.447	0.5086667	0.4586667	0.4519167	0.5675	0.4826667	0.3959167	0.4338333	0.5070833	0.4625	0.4545833	0.4180833	0.35375	0.3106667	0.3034167	0.3818333	0.3440833	0.3719167
73800	0.44075	0.47675	0.3959167	0.4553333	0.5043333	0.46175	0.4308333	0.4881667	0.5399167	0.41	0.4348333	0.5095	0.4614167	0.43775	0.3385	0.41425	0.32325	0.3120833	0.3813333	0.3453333	0.3561667
74700	0.4524167	0.4776667	0.39975	0.4365	0.4323333	0.5153333	0.4456667	0.4901667	0.5429167	0.4098333	0.42	0.4324167	0.5188333	0.4546667	0.346	0.4150833	0.3244167	0.2974167	0.3105	0.4004167	0.3705
75600	0.4295	0.3971667	0.4549167	0.4449167	0.4418333	0.51975	0.4474167	0.4721667	0.4649167	0.4690833	0.4303333	0.4381667	0.516	0.45275	0.3249167	0.3365833	0.3819167	0.3086667	0.3173333	0.40175	0.3693333
76500	0.4438333	0.4135833	0.4563333	0.4453333	0.4239167	0.4505	0.4989167	0.4880833	0.4713333	0.4628333	0.42825	0.4253333	0.4411667	0.5098333	0.3415833	0.3465	0.3833333	0.3108333	0.30425	0.33075	0.4253333
77400	0.44875	0.39575	0.3836667	0.4998333	0.4335	0.4583333	0.5035	0.48775	0.4546667	0.3889167	0.486	0.4344167	0.4528333	0.5094167	0.34225	0.3293333	0.3053333	0.3685833	0.3145833	0.3406667	0.4285
78300	0.5066667	0.4091667	0.3906667	0.4985833	0.4358333	0.4433333	0.43225	0.5511667	0.4676667	0.3999167	0.4814167	0.4366667	0.43625	0.4330833	0.4039167	0.346	0.3151667	0.3699167	0.3173333	0.3256667	0.3543333
79200	0.5075	0.41275	0.3724167	0.4220833	0.4914167	0.4580833	0.4428333	0.5488333	0.4710833	0.383	0.40625	0.491	0.4475	0.4481667	0.4043333	0.3475	0.2988333	0.2965833	0.3761667	0.3371667	0.3683333
80100	0.4283333	0.47075	0.3858333	0.429	0.4916667	0.45425	0.42625	0.46825	0.5314167	0.3970833	0.4094167	0.4921667	0.4483333	0.4278333	0.3234167	0.4064167	0.3125833	0.30725	0.375	0.3393333	0.34975
81000	0.4361667	0.473	0.386	0.4100833	0.4208333	0.5126667	0.4395833	0.4764167	0.5305	0.3983333	0.3945833	0.4178333	0.5006667	0.44475	0.3318333	0.407	0.3145	0.2914167	0.30425	0.3944167	0.3635833
81900	0.4183333	0.3969167	0.4464167	0.4210833	0.4273333	0.5134167	0.4419167	0.4545	0.4525	0.4528333	0.4056667	0.42525	0.4988333	0.4449167	0.3123333	0.3284167	0.373	0.304	0.3119167	0.39525	0.3660833
82800	0.4316667	0.4089167	0.4481667	0.4175	0.4080833	0.4421667	0.49375	0.4715	0.4584167	0.4536667	0.4029167	0.41	0.42725	0.498	0.3268333	0.34025	0.3728333	0.306	0.2971667	0.3243333	0.4190833
83700	0.4330833	0.3896667	0.3705833	0.4735833	0.4215833	0.44825	0.4965	0.4701667	0.4421667	0.3775	0.46	0.4221667	0.4330833	0.5013333	0.3293333	0.32075	0.298	0.3626667	0.3101667	0.3331667	0.4225
84600	0.4916667	0.4053333	0.37825	0.4729167	0.4199167	0.4321667	0.4250833	0.5316667	0.4574167	0.3890833	0.4561667	0.4198333	0.4185833	0.4264167	0.3885	0.3381667	0.3066667	0.36375	0.3108333	0.31725	0.3495833
85500	0.4921667	0.404	0.3643333	0.3955	0.4801667	0.4436667	0.4344167	0.5321667	0.456	0.3740833	0.3799167	0.478	0.4278333	0.4373333	0.3899167	0.33825	0.2929167	0.2910833	0.3695	0.3295	0.3613333