time	Ace25	Ace5	BHI	But25	But5	Pro25	Pro5	Ace25	Ace5	BHI	But25	But5	Pro25	Pro5	Ace25	Ace5	BHI	But25	But5	Pro25	Pro5
0	0.00525	0.0275	0.104416667	0.041083333	0.043666667	0.106583333	0.046416667	-0.0275	-0.007666667	0.063583333	0.003416667	0.00525	0.067833333	0.008583333	-0.022916667	-0.004583333	0.072333333	0.013	0.01525	0.077	0.017333333
900	0.028916667	0.031916667	0.098333333	0.0365	0.022916667	0.028333333	0.09525	-0.003916667	-0.002833333	0.058083333	-0.001416667	-0.015833333	-0.010333333	0.058	0.0035	0.002166667	0.069333333	0.0105	-0.0045	0.000166667	0.068833333
1800	0.041166667	0.013583333	0.018583333	0.093	0.033583333	0.036166667	0.095166667	0.007833333	-0.021916667	-0.0215	0.055	-0.0055	-0.002833333	0.057333333	0.0155	-0.017	-0.01025	0.067166667	0.006333333	0.0085	0.0685
2700	0.094416667	0.032333333	0.03125	0.095	0.037166667	0.02325	0.02525	0.060083333	-0.004333333	-0.01	0.056	-0.002916667	-0.016583333	-0.013666667	0.06775	0.000583333	0.001083333	0.068166667	0.008666667	-0.005583333	-0.003
3600	0.097916667	0.036916667	0.01775	0.023416667	0.098333333	0.038166667	0.0385	0.062583333	-0.000333333	-0.02525	-0.0175	0.0565	-0.002916667	-0.002166667	0.07	0.00375	-0.013583333	-0.004833333	0.068333333	0.00825	0.00825
4500	0.011166667	0.102666667	0.037833333	0.037416667	0.103	0.043333333	0.028666667	-0.026416667	0.064083333	-0.008083333	-0.005666667	0.058916667	0.000833333	-0.014833333	-0.01875	0.0685	0.005083333	0.0075	0.071416667	0.011833333	-0.003666667
5400	0.035	0.109916667	0.046333333	0.027666667	0.035666667	0.105333333	0.047166667	-0.005	0.068	-0.002666667	-0.018416667	-0.011583333	0.060583333	0.000166667	0.002833333	0.07325	0.011083333	-0.00425	0.002416667	0.072333333	0.012333333
6300	0.016916667	0.038416667	0.113666667	0.046666667	0.05275	0.1115	0.056583333	-0.0275	-0.006916667	0.05975	-0.001833333	0.001833333	0.063916667	0.005	-0.018583333	-0.000833333	0.0755	0.013416667	0.016833333	0.076666667	0.018083333
7200	0.052333333	0.0575	0.12325	0.0555	0.047	0.047583333	0.12175	0.003916667	0.007333333	0.063916667	0.003	-0.008666667	-0.003333333	0.064333333	0.014	0.01475	0.081666667	0.02	0.008166667	0.0105	0.078916667
8100	0.076083333	0.051333333	0.057166667	0.1215	0.069916667	0.065083333	0.133666667	0.0225	-0.00475	-0.0085	0.064583333	0.007916667	0.009666667	0.0695	0.034	0.003583333	0.010666667	0.083666667	0.027416667	0.025	0.08625
9000	0.14	0.080833333	0.081333333	0.130916667	0.085	0.0605	0.076666667	0.079666667	0.018666667	0.007083333	0.070083333	0.015666667	0.001083333	0.003583333	0.092416667	0.02725	0.028583333	0.09125	0.038333333	0.018416667	0.022416667
9900	0.15475	0.09733333	0.08108333	0.06833333	0.159	0.08441667	0.10266667	0.08658333	0.026	-0.004	0.001	0.08091667	0.01933333	0.02008333	0.10075	0.03758333	0.02066667	0.02591667	0.1065	0.0395	0.04091667
10800	0.08125	0.17641667	0.1145	0.09066667	0.17841667	0.099	0.107	0.00525	0.09708333	0.01758333	0.01708333	0.08975	0.0295	0.01358333	0.0205	0.11008333	0.04633333	0.0455	0.11916667	0.05166667	0.03708333
11700	0.11666667	0.19633333	0.1375	0.0915	0.12825	0.17175	0.14041667	0.03191667	0.10675	0.02791667	0.01108333	0.02825	0.09741667	0.03633333	0.04916667	0.12258333	0.06341667	0.044	0.06258333	0.12208333	0.06191667
12600	0.11283333	0.13733333	0.22041667	0.12316667	0.16191667	0.18866667	0.16758333	0.01883333	0.0395	0.0965	0.0355	0.05166667	0.10825	0.051	0.03775	0.058	0.14033333	0.07383333	0.08983333	0.1375	0.07758333
13500	0.159	0.169	0.24433333	0.14691667	0.17041667	0.135	0.25016667	0.0565	0.06466667	0.1065	0.05191667	0.05475	0.05283333	0.12041667	0.08033333	0.08375	0.15983333	0.09466667	0.10158333	0.08608333	0.15366667
14400	0.19325	0.17858333	0.191	0.23033333	0.21475	0.16483333	0.28433333	0.0835	0.062	0.04325	0.12641667	0.08466667	0.07783333	0.14075	0.1095	0.08366667	0.10041667	0.17683333	0.1425	0.11208333	0.17391667
15300	0.26858333	0.21691667	0.22833333	0.25341667	0.23983333	0.1735	0.23316667	0.1545	0.09425	0.06766667	0.14416667	0.11091667	0.08558333	0.08491667	0.18666667	0.12808333	0.13083333	0.199	0.17308333	0.12083333	0.1295
16200	0.29183333	0.2505	0.242	0.2125	0.32341667	0.21025	0.28208333	0.16966667	0.11325	0.06641667	0.08858333	0.19141667	0.11708333	0.11883333	0.21183333	0.14808333	0.14108333	0.15708333	0.25558333	0.16441667	0.15525
17100	0.2421667	0.33475	0.2748333	0.2370833	0.3614167	0.2451667	0.2879167	0.10425	0.195	0.0995	0.1233333	0.224	0.1474167	0.1305833	0.1486667	0.2396667	0.1805833	0.19175	0.2943333	0.1873333	0.1878333
18000	0.2979167	0.3725	0.3049167	0.2519167	0.32325	0.3168333	0.3334167	0.1429167	0.21875	0.1205833	0.1385	0.18525	0.23175	0.1658333	0.1953333	0.2705	0.2088333	0.2135	0.2609167	0.28425	0.2280833
18900	0.2955833	0.3135	0.3756667	0.2924167	0.3551667	0.34725	0.3649167	0.1514167	0.1604167	0.1989167	0.1760833	0.2365833	0.2626667	0.2001667	0.2014167	0.2085	0.3005	0.2674167	0.318	0.3123333	0.2601667
19800	0.3385	0.3520833	0.40525	0.3195	0.3638333	0.3055833	0.4531667	0.20575	0.1951667	0.2175833	0.213	0.26175	0.2258333	0.2939167	0.2573333	0.2438333	0.3324167	0.29575	0.3446667	0.2785	0.3414167
20700	0.3846667	0.3515833	0.3478333	0.4059167	0.4063333	0.3393333	0.47925	0.2575	0.2050833	0.1631667	0.3048333	0.3079167	0.26425	0.32875	0.30025	0.2616667	0.2878333	0.3875833	0.403	0.335	0.377
21600	0.4543333	0.3914167	0.386	0.435	0.43275	0.3595833	0.4241667	0.34975	0.2514167	0.1965833	0.3428333	0.3480833	0.2885833	0.2975	0.3934167	0.3036667	0.325	0.4203333	0.4374167	0.345	0.3345833
22500	0.4794167	0.41625	0.3856667	0.37675	0.5120833	0.3911667	0.45125	0.3885	0.2864167	0.20525	0.3050833	0.44175	0.3423333	0.34725	0.4174167	0.3346667	0.3326667	0.3826667	0.5235	0.3906667	0.378
23400	0.4164167	0.4938333	0.4171667	0.4078333	0.5381667	0.41625	0.457	0.3403333	0.37675	0.2440833	0.353	0.4769167	0.3783333	0.3678333	0.36725	0.4263333	0.3738333	0.4343333	0.54775	0.42825	0.4003333
24300	0.45675	0.5109167	0.4351667	0.4123333	0.4818333	0.4935	0.48725	0.3899167	0.4095	0.2696667	0.375	0.4346667	0.4715	0.4139167	0.406	0.4451667	0.397	0.4465	0.5001667	0.5173333	0.4351667
25200	0.4544167	0.4524167	0.5126667	0.4526667	0.5058333	0.51725	0.5071667	0.3951667	0.3600833	0.3544167	0.4248333	0.4781667	0.5039167	0.4449167	0.4085	0.3966667	0.4798333	0.4993333	0.52825	0.54675	0.4570833
26100	0.498	0.4784167	0.5256667	0.4659167	0.5134167	0.47025	0.5843333	0.4480833	0.4024167	0.3791667	0.45625	0.4841667	0.4598333	0.5226667	0.4599167	0.4381667	0.4999167	0.5304167	0.53375	0.4948333	0.5430833
27000	0.525	0.4750833	0.46925	0.5511667	0.5391667	0.4965833	0.5950833	0.4800833	0.4105833	0.3284167	0.5474167	0.5180833	0.4914167	0.5418333	0.4885833	0.4446667	0.4404167	0.60075	0.5655	0.52225	0.5631667
27900	0.5943333	0.5103333	0.49375	0.5756667	0.5581667	0.50525	0.5348333	0.5588333	0.4490833	0.3585	0.5724167	0.5355	0.5033333	0.4910833	0.5674167	0.4889167	0.46625	0.6223333	0.5883333	0.52525	0.5119167
28800	0.603	0.5209167	0.5020833	0.5108333	0.62175	0.532	0.5520833	0.5810833	0.4745833	0.3656667	0.5224167	0.6075833	0.5295833	0.5196667	0.5880833	0.5058333	0.467	0.5665833	0.65875	0.5466667	0.5355
29700	0.5315833	0.5866667	0.5189167	0.5451667	0.6379167	0.54525	0.5411667	0.5088333	0.5578333	0.4065833	0.54725	0.6230833	0.5413333	0.51625	0.5228333	0.59175	0.4943333	0.5880833	0.6765	0.5616667	0.5474167
30600	0.5476667	0.5966667	0.536	0.5410833	0.56625	0.6095	0.558	0.53325	0.5766667	0.425	0.5529167	0.566	0.6176667	0.5410833	0.54775	0.6173333	0.50975	0.5921667	0.6145833	0.6351667	0.5713333
31500	0.5316667	0.52525	0.6065833	0.5720833	0.58225	0.617	0.5625833	0.5288333	0.5146667	0.49975	0.5734167	0.588	0.6321667	0.55175	0.54375	0.5568333	0.5828333	0.62275	0.6293333	0.6515833	0.5885
32400	0.5571667	0.5421667	0.6125833	0.58175	0.5703333	0.5513333	0.6219167	0.564	0.5370833	0.5189167	0.5919167	0.585	0.57775	0.6215	0.5796667	0.5785	0.5931667	0.6344167	0.6190833	0.5900833	0.654
33300	0.5699167	0.5281667	0.5425	0.6461667	0.5875	0.5703333	0.6266667	0.5795	0.534	0.4583333	0.6533333	0.6020833	0.5986667	0.6304167	0.604	0.574	0.5259167	0.7005833	0.6386667	0.6153333	0.66025
34200	0.6305833	0.5445833	0.5576667	0.6534167	0.5913333	0.56175	0.5534167	0.6498333	0.5591667	0.4831667	0.66325	0.60925	0.58825	0.5723333	0.6725	0.5964167	0.5451667	0.70025	0.6411667	0.61125	0.5963333
35100	0.6299167	0.5465	0.5478333	0.5749167	0.6473333	0.5805833	0.5658333	0.65325	0.56975	0.4798333	0.5978333	0.6688333	0.6025	0.58775	0.6765	0.603	0.5355833	0.6241667	0.6995833	0.6308333	0.6096667
36000	0.54375	0.6120833	0.5654167	0.5895	0.6476667	0.5861667	0.551	0.5756667	0.6360833	0.5075833	0.6095833	0.67025	0.60775	0.57775	0.599	0.6698333	0.5533333	0.6358333	0.7006667	0.63325	0.59975
36900	0.55525	0.6185833	0.5721667	0.57675	0.5735833	0.6433333	0.5625833	0.591	0.6425833	0.5205	0.5963333	0.598	0.66625	0.5933333	0.6144167	0.67475	0.5621667	0.6201667	0.6304167	0.6901667	0.6195833
37800	0.5325	0.5400833	0.6329167	0.5868333	0.5815833	0.6424167	0.5658333	0.571	0.5681667	0.58525	0.6065	0.6069167	0.6643333	0.59675	0.5958333	0.5996667	0.625	0.6328333	0.6373333	0.6893333	0.6219167
38700	0.5504167	0.5508333	0.6366667	0.5890833	0.5656667	0.5719167	0.6200833	0.5944167	0.5825833	0.5901667	0.6108333	0.5928333	0.5913333	0.656	0.617	0.6108333	0.6304167	0.63175	0.623	0.6114167	0.6775833
39600	0.5560833	0.5333333	0.5616667	0.6454167	0.5798333	0.5815	0.621	0.6025833	0.5654167	0.5201667	0.6695833	0.6046667	0.6020833	0.6580833	0.6244167	0.5923333	0.55625	0.6839167	0.6320833	0.625	0.67925
40500	0.6126667	0.54775	0.5694167	0.6423333	0.5800833	0.5646667	0.5474167	0.6598333	0.5854167	0.5334167	0.67075	0.6038333	0.58925	0.58625	0.6834167	0.6113333	0.5670833	0.6795	0.63025	0.6080833	0.6051667
41400	0.6111667	0.55125	0.55475	0.5685	0.6324167	0.5793333	0.55775	0.6620833	0.5875833	0.5221667	0.5958333	0.6608333	0.5971667	0.5944167	0.6845833	0.6129167	0.5523333	0.6053333	0.6823333	0.6185833	0.617
42300	0.5276667	0.6103333	0.5720833	0.5779167	0.6286667	0.5795	0.5404167	0.5786667	0.6491667	0.5415	0.60325	0.6585	0.5985	0.5835	0.5981667	0.675	0.5690833	0.61025	0.6790833	0.6189167	0.60175
43200	0.537	0.6119167	0.5720833	0.5576667	0.55875	0.6324167	0.5525833	0.58625	0.64925	0.544	0.5864167	0.58475	0.6494167	0.595	0.6065833	0.6761667	0.573	0.5910833	0.6034167	0.6688333	0.6149167
44100	0.5149167	0.5328333	0.6338333	0.5688333	0.5655	0.6295	0.55275	0.5646667	0.5708333	0.60525	0.5926667	0.5914167	0.6460833	0.59625	0.5825833	0.5986667	0.63225	0.601	0.6083333	0.6665833	0.6185833
45000	0.5305833	0.5436667	0.6329167	0.5645	0.5489167	0.5564167	0.6054167	0.5816667	0.58125	0.6073333	0.59275	0.5746667	0.5739167	0.64925	0.5994167	0.6074167	0.63175	0.5966667	0.58925	0.5899167	0.66875
45900	0.5340833	0.5246667	0.5560833	0.6196667	0.5599167	0.5623333	0.60525	0.5853333	0.563	0.5304167	0.6476667	0.5833333	0.57825	0.6496667	0.601	0.5888333	0.55375	0.6443333	0.5954167	0.5956667	0.6695833
46800	0.5944167	0.5400833	0.5671667	0.61325	0.5564167	0.5455833	0.53025	0.64175	0.57875	0.5404167	0.6425	0.5841667	0.5564167	0.5769167	0.65725	0.60225	0.5615833	0.6371667	0.59375	0.578	0.5941667
47700	0.5939167	0.53975	0.549	0.5365833	0.6123333	0.5544167	0.5381667	0.6414167	0.5808333	0.5241667	0.5675	0.63675	0.564	0.5843333	0.6510833	0.6018333	0.5460833	0.5605	0.6478333	0.5835	0.6021667
48600	0.5096667	0.6005833	0.5611667	0.5411667	0.61	0.55275	0.52125	0.5535	0.641	0.54	0.57075	0.6361667	0.56025	0.56725	0.5625	0.6606667	0.5575833	0.5635	0.6415833	0.5785833	0.5795833
49500	0.5155	0.6003333	0.5638333	0.5225	0.5325833	0.60575	0.5334167	0.5591667	0.6386667	0.5426667	0.5528333	0.56	0.6095	0.5795833	0.5670833	0.656	0.5583333	0.5445833	0.5684167	0.6290833	0.5915833
50400	0.4949167	0.5179167	0.62125	0.5275833	0.5423333	0.6013333	0.5316667	0.53475	0.5598333	0.5995833	0.5593333	0.5685	0.6053333	0.5759167	0.5428333	0.57575	0.6151667	0.5529167	0.5746667	0.622	0.5873333
51300	0.5118333	0.5274167	0.6198333	0.5270833	0.524	0.5256667	0.5836667	0.5500833	0.571	0.6006667	0.5585833	0.5509167	0.5286667	0.6261667	0.5615	0.585	0.6124167	0.5526667	0.5573333	0.544	0.6365
52200	0.5155	0.5061667	0.5415	0.57825	0.535	0.5328333	0.5823333	0.5526667	0.5485	0.524	0.61175	0.56075	0.5341667	0.6234167	0.5621667	0.5614167	0.5350833	0.6043333	0.5651667	0.5491667	0.6346667
53100	0.5710833	0.5224167	0.55025	0.5744167	0.5335833	0.5145833	0.5086667	0.6069167	0.561	0.5324167	0.6075	0.5605833	0.51275	0.5475833	0.6161667	0.57475	0.5418333	0.6015833	0.564	0.5315833	0.5585833
54000	0.5700833	0.5218333	0.5350833	0.4978333	0.5875833	0.5229167	0.5174167	0.6045	0.5585833	0.515	0.5304167	0.6154167	0.52125	0.5564167	0.6148333	0.5688333	0.5234167	0.5255	0.6188333	0.5391667	0.5668333
54900	0.48575	0.5824167	0.5456667	0.5006667	0.587	0.5195833	0.49975	0.5190833	0.6179167	0.5276667	0.5360833	0.6121667	0.5168333	0.5385833	0.5301667	0.6269167	0.5349167	0.53225	0.6169167	0.5358333	0.5458333
55800	0.49325	0.5810833	0.5456667	0.4855	0.5134167	0.5710833	0.5126667	0.5264167	0.6165	0.5276667	0.5175	0.5396667	0.569	0.5508333	0.538	0.6253333	0.5351667	0.5139167	0.5435	0.5870833	0.55875
56700	0.4721667	0.50075	0.6040833	0.49225	0.52075	0.569	0.50925	0.5048333	0.53325	0.5846667	0.5258333	0.5488333	0.5649167	0.5471667	0.5154167	0.5421667	0.5908333	0.5236667	0.5518333	0.5854167	0.55525
57600	0.4879167	0.5085833	0.6011667	0.4908333	0.5079167	0.4935833	0.56425	0.5194167	0.5428333	0.5841667	0.5260833	0.5328333	0.4888333	0.60025	0.532	0.5515833	0.58825	0.5213333	0.5366667	0.5111667	0.6085833
58500	0.4896667	0.4905	0.5249167	0.5458333	0.5175	0.5013333	0.5620833	0.5216667	0.52375	0.5079167	0.5791667	0.5435	0.4941667	0.5983333	0.5343333	0.5329167	0.51075	0.5745833	0.54475	0.5163333	0.60825
59400	0.5473333	0.5049167	0.5345833	0.54275	0.5175833	0.4809167	0.4895833	0.58	0.5378333	0.51475	0.57525	0.5436667	0.4761667	0.5266667	0.5908333	0.5478333	0.5175833	0.5745	0.5458333	0.5005833	0.5325833
60300	0.5461667	0.50525	0.518	0.4684167	0.5713333	0.4915	0.4989167	0.5763333	0.5366667	0.4995	0.5003333	0.6005	0.48475	0.5365833	0.5910833	0.549	0.5009167	0.4988333	0.60275	0.5080833	0.5441667
61200	0.4638333	0.5626667	0.5305	0.474	0.5694167	0.4893333	0.4820833	0.4938333	0.5958333	0.51175	0.5086667	0.59825	0.4836667	0.5196667	0.5075833	0.6095833	0.5125	0.5064167	0.59975	0.5066667	0.5276667
62100	0.46925	0.56375	0.52975	0.4580833	0.49475	0.5445	0.496	0.50125	0.5981667	0.511	0.4895	0.5270833	0.5359167	0.5330833	0.5160833	0.60775	0.5125	0.4885	0.5279167	0.5590833	0.5399167
63000	0.4506667	0.4831667	0.5875	0.46875	0.506	0.5413333	0.4935	0.4808333	0.5145833	0.57	0.499	0.5365	0.53425	0.533	0.49525	0.5279167	0.5705	0.496	0.5360833	0.5591667	0.5379167
63900	0.4661667	0.4930833	0.5843333	0.4673333	0.4920833	0.4656667	0.5480833	0.49625	0.5246667	0.56975	0.4970833	0.5209167	0.458	0.58725	0.5093333	0.5378333	0.569	0.4955	0.5215	0.48575	0.5898333
64800	0.4679167	0.4746667	0.5091667	0.5239167	0.5004167	0.4738333	0.5490833	0.4976667	0.5056667	0.49425	0.5536667	0.5306667	0.4650833	0.5879167	0.5146667	0.5191667	0.4933333	0.5520833	0.5323333	0.4925833	0.5911667
65700	0.5273333	0.48875	0.5164167	0.5198333	0.5025	0.4565833	0.4753333	0.5563333	0.5225	0.5033333	0.5515	0.5316667	0.44775	0.5136667	0.5716667	0.536	0.5014167	0.5520833	0.53125	0.4759167	0.51775
66600	0.5261667	0.4905	0.5015	0.4470833	0.5601667	0.468	0.48575	0.5543333	0.5235833	0.48825	0.4749167	0.58875	0.4580833	0.5265	0.5721667	0.5368333	0.4846667	0.477	0.5881667	0.48775	0.5300833
67500	0.4424167	0.5501667	0.5153333	0.4546667	0.5556667	0.467	0.4690833	0.4719167	0.58375	0.5025	0.483	0.58775	0.4566667	0.5086667	0.4899167	0.5955833	0.4983333	0.48525	0.5869167	0.4861667	0.514
68400	0.453	0.5495833	0.5154167	0.4378333	0.4853333	0.5203333	0.482	0.4800833	0.5851667	0.5055	0.4653333	0.51375	0.5113333	0.5231667	0.4991667	0.5971667	0.4991667	0.468	0.51575	0.53975	0.52575
69300	0.4323333	0.4674167	0.5710833	0.44875	0.4926667	0.51775	0.4815	0.4589167	0.50475	0.56325	0.4763333	0.522	0.5096667	0.5225833	0.4784167	0.5165833	0.5574167	0.4795833	0.5245833	0.54	0.5254167
70200	0.4508333	0.47775	0.5725833	0.4488333	0.478	0.44475	0.535	0.4750833	0.5166667	0.5658333	0.4771667	0.5078333	0.4359167	0.5775	0.4959167	0.5281667	0.558	0.4805833	0.5089167	0.4689167	0.5790833
71100	0.4515	0.4600833	0.49625	0.5044167	0.48875	0.4526667	0.5345833	0.4753333	0.49825	0.4899167	0.5339167	0.5178333	0.4440833	0.57825	0.4978333	0.5085833	0.4800833	0.5345833	0.5194167	0.4775833	0.5805
72000	0.5115833	0.478	0.5054167	0.50325	0.4901667	0.4359167	0.4615833	0.5358333	0.5148333	0.4995833	0.5309167	0.51875	0.4288333	0.5043333	0.5555833	0.52625	0.4883333	0.5330833	0.5206667	0.46375	0.5080833
72900	0.5118333	0.4769167	0.48975	0.4288333	0.5465	0.4468333	0.4740833	0.5345833	0.5160833	0.48475	0.4578333	0.5760833	0.4405833	0.5174167	0.5576667	0.5278333	0.4719167	0.4593333	0.5773333	0.4748333	0.5190833
73800	0.431	0.5368333	0.5031667	0.4371667	0.5445	0.4460833	0.457	0.4536667	0.5763333	0.49925	0.4665	0.5738333	0.4405	0.4991667	0.4760833	0.5868333	0.4856667	0.4670833	0.5770833	0.4739167	0.5025833
74700	0.44125	0.5379167	0.5035833	0.4195	0.4738333	0.5004167	0.47125	0.4616667	0.5775833	0.4998333	0.45075	0.5024167	0.4956667	0.5125	0.4870833	0.5884167	0.4879167	0.4540833	0.5045833	0.5314167	0.5163333
75600	0.4211667	0.4569167	0.56025	0.4310833	0.4835833	0.4975	0.4713333	0.441	0.4973333	0.5578333	0.4596667	0.5106667	0.4953333	0.5128333	0.4685833	0.5075833	0.5459167	0.4606667	0.5146667	0.5303333	0.51625
76500	0.4378333	0.4685	0.5616667	0.43275	0.4683333	0.4255	0.52475	0.458	0.5075	0.5585833	0.4605833	0.49525	0.4236667	0.56725	0.48525	0.5190833	0.5455	0.4649167	0.4996667	0.4594167	0.5690833
77400	0.4398333	0.4508333	0.4875	0.485	0.48	0.4339167	0.5265	0.4591667	0.49075	0.4828333	0.5183333	0.50675	0.4334167	0.56875	0.48725	0.5006667	0.4694167	0.519	0.5108333	0.4670833	0.571
78300	0.4993333	0.4663333	0.496	0.4873333	0.4804167	0.4191667	0.4531667	0.5206667	0.5066667	0.4919167	0.518	0.5075	0.41825	0.4945833	0.5475	0.5173333	0.4785	0.5200833	0.5115	0.45425	0.4983333
79200	0.4993333	0.4689167	0.4815833	0.4141667	0.53575	0.4313333	0.4635833	0.5200833	0.50875	0.4780833	0.4439167	0.56425	0.4315	0.5064167	0.5505833	0.5195833	0.4630833	0.44875	0.5686667	0.46725	0.5090833
80100	0.4195833	0.5255	0.494	0.4209167	0.5360833	0.4306667	0.4486667	0.43925	0.5675833	0.4905833	0.4533333	0.5635	0.4323333	0.4889167	0.4711667	0.5790833	0.4748333	0.4560833	0.568	0.4680833	0.4931667
81000	0.42775	0.5275833	0.49525	0.4066667	0.46475	0.48525	0.4624167	0.4481667	0.5681667	0.4925833	0.4385	0.4911667	0.4883333	0.5036667	0.4808333	0.5805833	0.47825	0.4418333	0.4951667	0.5230833	0.5089167
81900	0.41125	0.44925	0.55325	0.41825	0.47375	0.4861667	0.4599167	0.4298333	0.489	0.5504167	0.4505833	0.5005	0.48875	0.5030833	0.4638333	0.5023333	0.5348333	0.4519167	0.5070833	0.5243333	0.5086667
82800	0.427	0.45925	0.5549167	0.4186667	0.4595	0.4129167	0.5145833	0.4461667	0.4994167	0.5499167	0.4505833	0.4851667	0.4175833	0.5565	0.4803333	0.5115833	0.53525	0.4534167	0.4919167	0.4524167	0.5628333
83700	0.4255833	0.4431667	0.4800833	0.4765	0.468	0.4226667	0.51675	0.4476667	0.4823333	0.47575	0.50875	0.49625	0.42675	0.5581667	0.4833333	0.4950833	0.4603333	0.5125	0.503	0.464	0.5634167
84600	0.48825	0.4594167	0.4885833	0.4764167	0.4701667	0.4094167	0.4429167	0.5098333	0.4978333	0.4845833	0.5084167	0.49775	0.4130833	0.4841667	0.5465833	0.5116667	0.4679167	0.5090833	0.5051667	0.4504167	0.4914167
85500	0.4895	0.4600833	0.4743333	0.40375	0.5271667	0.4205	0.4556667	0.5113333	0.4988333	0.4704167	0.4356667	0.5549167	0.4261667	0.4973333	0.5475833	0.51425	0.4534167	0.43625	0.5605833	0.4625	0.5041667