time	Ace25	Ace5	BHI	But25	But5	Pro25	Pro5	Ace25	Ace5	BHI	But25	But5	Pro25	Pro5	Ace25	Ace5	BHI	But25	But5	Pro25	Pro5	Ace25	Ace5	BHI	But25	But5	Pro25	Pro5	Ace25	Ace5	BHI	But25	But5	Pro25	Pro5	Ace25	Ace5	BHI	But25	But5	Pro25	Pro5	Ace25	Ace5	BHI	But25	But5	Pro25	Pro5
0	-0.01025	0.005666667	0.08475	0.025416667	0.02325	0.089083333	0.02625	-0.011916667	0.003166667	0.078916667	0.024166667	0.025666667	0.087583333	0.027166667	-0.016333333	-0.003416667	0.122166667	0.008	0.00725	0.08475	0.028	-0.041333333	-0.01625	0.055416667	-0.004333333	-0.001916667	0.05625	0.00425	-0.0275	-0.001333333	0.074083333	0.010916667	0.009583333	0.070416667	0.011416667	-0.022	-0.003	0.07725	0.01475	0.013166667	0.076333333	0.01475	-0.033833333	-0.01175	0.07225	0.010333333	0.009333333	0.077833333	0.01375
900	0.0175	0.014166667	0.084083333	0.02525	0.0075	0.015333333	0.08	0.012416667	0.0095	0.076	0.022083333	0.0075	0.012083333	0.077166667	0.01175	0.005416667	0.1175	0.009666667	-0.008583333	0.013	0.081083333	-0.015	-0.007916667	0.053	-0.006333333	-0.018833333	-0.020083333	0.055666667	0	0.00575	0.073583333	0.009583333	-0.006166667	-0.003916667	0.0665	0.0035	0.001	0.0755	0.01225	-0.006083333	-0.00175	0.06575	-0.006333333	-0.004	0.071	0.00925	-0.007916667	0.003666667	0.065833333
1800	0.0295	-0.004166667	0.005	0.081833333	0.0185	0.023583333	0.080166667	0.024583333	-0.0095	-0.003833333	0.07825	0.017583333	0.0195	0.0775	0.024166667	-0.011333333	0.0385	0.067	0.00175	0.021833333	0.080166667	-0.00225	-0.026166667	-0.025666667	0.05125	-0.007083333	-0.01125	0.056	0.013	-0.01175	-0.004916667	0.067583333	0.006	0.00525	0.067416667	0.01525	-0.01775	-0.004416667	0.068916667	0.00475	0.00625	0.065666667	0.005583333	-0.02325	-0.008083333	0.065583333	0.00275	0.011583333	0.065083333
2700	0.08175	0.013333333	0.016166667	0.082	0.020333333	0.009416667	0.009	0.076	0.00725	0.007416667	0.078166667	0.019333333	0.005416667	0.005583333	0.075083333	0.005666667	0.04675	0.068166667	0.003666667	0.007083333	0.008833333	0.049833333	-0.009166667	-0.01425	0.05225	-0.005083333	-0.025166667	-0.015083333	0.065083333	0.005333333	0.006	0.0685	0.008166667	-0.008333333	-0.003833333	0.066583333	-0.000833333	0.005333333	0.069	0.00625	-0.00825	-0.006416667	0.056666667	-0.006916667	0.002416667	0.065416667	0.004	-0.003083333	-0.007333333
3600	0.08325	0.016166667	0.000416667	0.007833333	0.07925	0.022666667	0.01975	0.077083333	0.00975	-0.008166667	0.00375	0.078083333	0.018	0.01625	0.074833333	0.008083333	0.026833333	-0.005166667	0.060833333	0.01875	0.016666667	0.05075	-0.006916667	-0.030583333	-0.021916667	0.053166667	-0.0125	-0.005083333	0.065916667	0.0075	-0.01025	-0.005416667	0.066583333	0.004416667	0.00675	0.067416667	0.00125	-0.01175	-0.0055	0.064583333	0.004333333	0.004083333	0.05725	-0.0055	-0.0145	-0.00925	0.061666667	0.008833333	0.002416667
4500	-0.00625	0.08	0.017916667	0.0185	0.081	0.024833333	0.006666667	-0.012666667	0.073166667	0.00925	0.014583333	0.079416667	0.020583333	0.003083333	-0.016333333	0.07025	0.041583333	0.004333333	0.0605	0.019916667	0.001083333	-0.03975	0.05525	-0.014583333	-0.011583333	0.054166667	-0.010666667	-0.018666667	-0.024583333	0.069833333	0.00575	0.005083333	0.067416667	0.00625	-0.00725	-0.023083333	0.064166667	0.004583333	0.005416667	0.065666667	0.00625	-0.009833333	-0.033416667	0.05675	0.001333333	0.000583333	0.062083333	0.010083333	-0.011666667
5400	0.014583333	0.084166667	0.023166667	0.004916667	0.010166667	0.083916667	0.021833333	0.007916667	0.077	0.014166667	0.001	0.008583333	0.079333333	0.01775	0.000666667	0.072	0.040333333	-0.009666667	-0.012333333	0.075416667	0.013083333	-0.020916667	0.05725	-0.011	-0.025583333	-0.01775	0.047333333	-0.005583333	-0.005666667	0.071666667	0.008916667	-0.009	-0.0045	0.064166667	0.005916667	-0.003833333	0.0665	0.00825	-0.008833333	-0.00625	0.06425	0.00375	-0.014333333	0.058833333	0.004916667	-0.0135	-0.010333333	0.068	0.00125
6300	-0.007583333	0.008833333	0.086	0.020416667	0.022916667	0.086583333	0.026666667	-0.01425	0.001583333	0.077	0.016333333	0.021416667	0.081666667	0.0225	-0.02425	-0.006	0.097583333	0.003583333	-0.00325	0.076166667	0.013333333	-0.045166667	-0.020666667	0.049666667	-0.011166667	-0.006916667	0.048166667	-0.003	-0.030166667	-0.006333333	0.069333333	0.004833333	0.006166667	0.065083333	0.008333333	-0.028	-0.011	0.069	0.005833333	0.0045	0.06575	0.00675	-0.038666667	-0.018666667	0.065666667	0.001	0.000333333	0.069166667	0.00375
7200	0.023833333	0.023416667	0.091416667	0.0245	0.01225	0.018083333	0.086166667	0.016833333	0.015583333	0.08175	0.020083333	0.0105	0.01325	0.081666667	0.002666667	0.003583333	0.094666667	0.0055	-0.01725	0.00375	0.068166667	-0.016583333	-0.009666667	0.051416667	-0.008333333	-0.02	-0.021583333	0.054083333	-0.001916667	0.004583333	0.070666667	0.007666667	-0.0075	-0.005333333	0.064666667	0.00075	0.000666667	0.071083333	0.009	-0.008666667	-0.004166667	0.063666667	-0.009416667	-0.007083333	0.068083333	0.003666667	-0.013	-0.00075	0.060916667
8100	0.042666667	0.011583333	0.020333333	0.084833333	0.029166667	0.030416667	0.09225	0.035666667	0.003416667	0.010833333	0.08075	0.026833333	0.0255	0.087	0.016166667	-0.0135	0.013083333	0.06375	-0.006333333	0.0115	0.066916667	-0.000916667	-0.025916667	-0.024583333	0.050583333	-0.006833333	-0.0115	0.05625	0.013166667	-0.011916667	-0.005916667	0.066083333	0.005333333	0.004583333	0.066666667	0.0165	-0.01475	-0.004666667	0.067916667	0.004833333	0.005916667	0.06625	0.006916667	-0.02225	-0.006833333	0.062666667	0.000583333	0.01	0.063833333
9000	0.100083333	0.035	0.0385	0.08825	0.037	0.02025	0.02725	0.093	0.0265	0.029416667	0.084166667	0.034083333	0.01475	0.021083333	0.068583333	0.002666667	0.020333333	0.064083333	-0.00475	-0.003083333	-0.006	0.052583333	-0.00775	-0.012416667	0.0525	-0.003	-0.024166667	-0.012916667	0.065333333	0.005833333	0.00575	0.067583333	0.008166667	-0.0085	-0.0035	0.07075	0.004583333	0.007833333	0.069833333	0.00875	-0.0065	-0.002583333	0.061666667	-0.002083333	0.006583333	0.064583333	0.004333333	-0.002	-0.00475
9900	0.107666667	0.045333333	0.032416667	0.017916667	0.101833333	0.03675	0.044416667	0.100166667	0.036	0.026	0.013583333	0.0985	0.031583333	0.0375	0.069416667	0.004083333	0.001083333	-0.009666667	0.05325	0.007916667	0.003166667	0.055416667	-0.004333333	-0.026416667	-0.019666667	0.056666667	-0.010083333	-0.0015	0.067083333	0.008333333	-0.009083333	-0.005166667	0.06725	0.00475	0.007416667	0.0745	0.00925	-0.00525	-0.002416667	0.068833333	0.007833333	0.00975	0.06575	0.003166667	-0.005333333	-0.007166667	0.064833333	0.012583333	0.008166667
10800	0.026916667	0.118416667	0.060916667	0.031666667	0.110083333	0.043083333	0.04025	0.018916667	0.1085	0.053666667	0.026666667	0.106666667	0.038166667	0.031	-0.01875	0.066916667	0.012333333	-0.000583333	0.053083333	0.00825	-0.012166667	-0.030666667	0.060416667	-0.008666667	-0.00875	0.05925	-0.006416667	-0.013416667	-0.020333333	0.072166667	0.00775	0.005083333	0.068666667	0.007666667	-0.005416667	-0.010916667	0.075416667	0.01375	0.008416667	0.071083333	0.011916667	-0.001166667	-0.0185	0.07075	0.016	0.004416667	0.068333333	0.017166667	-0.002833333
11700	0.055666667	0.135666667	0.085333333	0.021916667	0.049416667	0.1065	0.06575	0.0465	0.1245	0.072333333	0.016333333	0.0435	0.1015	0.05325	0.001333333	0.069083333	0.012583333	-0.01525	-0.017416667	0.064416667	0.0005	-0.008583333	0.0655	-0.003	-0.021333333	-0.00975	0.053416667	0.002583333	-0.00025	0.07575	0.012333333	-0.008666667	-0.001583333	0.066583333	0.009	0.012166667	0.082083333	0.02075	-0.0045	0.002416667	0.072416667	0.01575	0.005333333	0.077416667	0.025916667	-0.008083333	0.000333333	0.078416667	0.013416667
12600	0.045833333	0.075583333	0.16275	0.039833333	0.071916667	0.113333333	0.08275	0.034833333	0.064	0.145833333	0.035	0.064	0.108833333	0.066583333	-0.02025	-0.00725	0.07	-0.001416667	-0.007166667	0.064583333	0.002833333	-0.026916667	-0.007	0.0605	-0.005583333	0.002666667	0.05675	0.008166667	-0.020916667	-0.000166667	0.074	0.00625	0.009333333	0.0685	0.012666667	-0.00525	0.010083333	0.08525	0.01125	0.015416667	0.07625	0.023833333	-0.010666667	0.00575	0.093583333	0.008583333	0.014416667	0.082666667	0.021333333
13500	0.085833333	0.105833333	0.18675	0.048583333	0.073666667	0.049916667	0.156833333	0.074416667	0.094333333	0.158	0.042833333	0.064083333	0.0475	0.135916667	0.00875	0.005333333	0.0715	0.00075	-0.018916667	-0.005583333	0.059666667	0.005083333	0.010333333	0.066666667	-0.000833333	-0.006333333	-0.01075	0.069333333	0.007916667	0.013666667	0.077916667	0.009916667	-0.002166667	-0.000333333	0.070916667	0.028083333	0.028583333	0.092583333	0.016083333	0.006166667	0.009833333	0.087666667	0.0255	0.02425	0.103666667	0.014083333	0.007833333	0.016083333	0.08325
14400	0.117666667	0.101	0.122416667	0.112916667	0.1065	0.068	0.174333333	0.107333333	0.098333333	0.097333333	0.107416667	0.0915	0.0665	0.153166667	0.026333333	-0.00825	-0.005583333	0.05975	-0.00425	0.005333333	0.062166667	0.028833333	0.001	-0.0045	0.060333333	0.011666667	0.003666667	0.077666667	0.028166667	0.001083333	0.0045	0.069833333	0.012166667	0.012333333	0.075083333	0.052916667	0.021333333	0.023	0.077666667	0.024083333	0.026083333	0.098333333	0.049833333	0.016916667	0.038416667	0.075416667	0.026166667	0.03025	0.091083333
15300	0.188083333	0.126666667	0.138833333	0.120166667	0.123166667	0.064	0.117	0.181916667	0.13	0.12025	0.116416667	0.111916667	0.063916667	0.102416667	0.085416667	0.014916667	0.00675	0.061666667	0.001916667	-0.004083333	-0.00575	0.097333333	0.03075	0.014416667	0.065416667	0.024416667	-0.003333333	0.018916667	0.087833333	0.023833333	0.0195	0.072416667	0.017583333	0.003083333	0.008333333	0.120583333	0.051916667	0.043583333	0.08275	0.03525	0.01925	0.039833333	0.116416667	0.046166667	0.063416667	0.07925	0.03975	0.021416667	0.028333333
16200	0.196333333	0.135416667	0.132416667	0.05425	0.192583333	0.086416667	0.12875	0.198916667	0.15075	0.120666667	0.051916667	0.1895	0.0885	0.127583333	0.096083333	0.026166667	-0.00675	-0.009916667	0.067916667	0.01325	0.009583333	0.122916667	0.049833333	0.011583333	-0.002916667	0.095583333	0.018916667	0.044916667	0.099416667	0.033083333	0.0085	0.001833333	0.079916667	0.021166667	0.02275	0.137583333	0.069833333	0.0395	0.0145	0.103083333	0.041833333	0.065083333	0.132916667	0.06275	0.055916667	0.009916667	0.106416667	0.041	0.047833333
17100	0.117916667	0.206833333	0.158583333	0.07125	0.193	0.099833333	0.118833333	0.1325	0.223916667	0.15075	0.071333333	0.21075	0.101	0.133	0.021583333	0.10175	0.014833333	0.004333333	0.07775	0.022416667	0.004083333	0.058166667	0.135833333	0.036416667	0.0145	0.110333333	0.032333333	0.048333333	0.022666667	0.106333333	0.03075	0.013916667	0.085	0.0295	0.015333333	0.071416667	0.15175	0.067583333	0.0295	0.11725	0.054416667	0.069583333	0.064916667	0.14375	0.079083333	0.024166667	0.116	0.04825	0.048
18000	0.137416667	0.21275	0.1775	0.066833333	0.128083333	0.168833333	0.13525	0.161416667	0.231	0.166083333	0.069166667	0.140083333	0.171416667	0.152583333	0.06	0.124416667	0.023083333	-0.0035	0.015083333	0.091666667	0.03075	0.095416667	0.167	0.049916667	0.010166667	0.058416667	0.10425	0.081	0.05325	0.121916667	0.042833333	0.002583333	0.019083333	0.095	0.039916667	0.103833333	0.171083333	0.082833333	0.021083333	0.061833333	0.126916667	0.10175	0.097833333	0.16325	0.091083333	0.016166667	0.056666667	0.112333333	0.079666667
18900	0.11925	0.14666667	0.25525	0.08783333	0.14491667	0.17858333	0.145	0.1465	0.17033333	0.24791667	0.09308333	0.15633333	0.18491667	0.16658333	0.06183333	0.06575	0.08675	0.01991667	0.03691667	0.10225	0.05516667	0.07966667	0.10691667	0.11825	0.03525	0.09466667	0.12541667	0.10266667	0.03975	0.05425	0.10791667	0.0175	0.03775	0.10175	0.04958333	0.09591667	0.10791667	0.14941667	0.04025	0.08675	0.1435	0.1185	0.092	0.10533333	0.16141667	0.03558333	0.07975	0.12158333	0.09283333
19800	0.14525	0.171	0.27983333	0.09608333	0.13883333	0.11508333	0.21575	0.1815	0.19291667	0.2695	0.10583333	0.14308333	0.123	0.23	0.10566667	0.08975	0.093	0.03166667	0.03775	0.0435	0.13358333	0.11325	0.14025	0.12958333	0.05291667	0.09825	0.07525	0.16333333	0.0745	0.07383333	0.11466667	0.02425	0.03125	0.03808333	0.11608333	0.13975	0.13241667	0.16058333	0.05375	0.08766667	0.08566667	0.19391667	0.1335	0.13591667	0.17833333	0.04441667	0.08	0.05916667	0.1625
20700	0.16733333	0.16883333	0.23216667	0.16233333	0.16366667	0.13275	0.232	0.20275	0.19075	0.21508333	0.17383333	0.17008333	0.14091667	0.23816667	0.127	0.08633333	0.02616667	0.09875	0.06666667	0.06866667	0.152	0.13016667	0.13808333	0.06233333	0.12841667	0.11833333	0.09775	0.17416667	0.09525	0.0735	0.047	0.08383333	0.05108333	0.05525	0.13	0.15866667	0.12908333	0.09491667	0.12208333	0.11366667	0.1105	0.2135	0.16208333	0.136	0.12158333	0.10958333	0.10566667	0.07975	0.17958333
21600	0.23658333	0.2135	0.27225	0.17075	0.18525	0.12316667	0.18	0.26808333	0.23308333	0.25075	0.18708333	0.18791667	0.13575	0.18283333	0.18833333	0.11725	0.05208333	0.111	0.07791667	0.06516667	0.09408333	0.19583333	0.16383333	0.08475	0.14783333	0.12083333	0.09475	0.11558333	0.1585	0.09816667	0.06875	0.08733333	0.0625	0.04758333	0.06308333	0.22575	0.16308333	0.12316667	0.13058333	0.12875	0.10658333	0.14883333	0.229	0.174	0.153	0.11666667	0.11641667	0.07541667	0.12191667
22500	0.25925	0.23833333	0.28383333	0.105	0.26333333	0.1475	0.2095	0.28658333	0.26216667	0.26233333	0.12266667	0.26383333	0.15741667	0.20666667	0.19466667	0.13025	0.05466667	0.04833333	0.147	0.091	0.11358333	0.21266667	0.18033333	0.0905	0.08733333	0.183	0.10991667	0.13783333	0.17066667	0.10541667	0.06391667	0.01716667	0.13191667	0.06733333	0.08408333	0.24566667	0.17875	0.12783333	0.06725	0.19416667	0.12808333	0.17033333	0.24708333	0.19358333	0.1585	0.05275	0.18666667	0.09858333	0.14908333
23400	0.19216667	0.31883333	0.32858333	0.12325	0.28291667	0.16216667	0.21891667	0.21808333	0.34508333	0.30533333	0.14225	0.28125	0.16183333	0.20791667	0.11641667	0.20791667	0.09208333	0.06933333	0.16433333	0.10091667	0.11166667	0.15225	0.25908333	0.13533333	0.1035	0.19891667	0.118	0.13608333	0.0945	0.1775	0.0975	0.03025	0.13875	0.07516667	0.08116667	0.18175	0.267	0.17033333	0.08608333	0.205	0.13825	0.17433333	0.181	0.27983333	0.20175	0.07191667	0.20166667	0.1105	0.1535
24300	0.229	0.352	0.36033333	0.11508333	0.23091667	0.22275	0.25266667	0.25908333	0.36966667	0.331	0.134	0.23558333	0.22841667	0.24683333	0.15033333	0.23016667	0.12066667	0.05925	0.10483333	0.17416667	0.13425	0.20108333	0.28675	0.16058333	0.08625	0.14583333	0.18075	0.16983333	0.11966667	0.19216667	0.11083333	0.02183333	0.07675	0.14058333	0.09816667	0.21825	0.29708333	0.20158333	0.08033333	0.14616667	0.2085	0.199	0.21341667	0.29883333	0.22883333	0.0675	0.14766667	0.18016667	0.18258333
25200	0.23216667	0.29733333	0.44816667	0.13716667	0.26116667	0.23825	0.28066667	0.2595	0.31541667	0.41058333	0.15116667	0.26891667	0.23641667	0.27116667	0.15466667	0.17891667	0.20941667	0.07491667	0.12516667	0.192	0.15433333	0.2075	0.23733333	0.25358333	0.09758333	0.17891667	0.1905	0.19866667	0.1135	0.1325	0.18458333	0.03841667	0.09891667	0.149	0.10433333	0.2205	0.25316667	0.29225	0.10416667	0.17241667	0.22266667	0.22616667	0.21633333	0.24441667	0.31291667	0.09183333	0.17316667	0.19291667	0.20041667
26100	0.2756667	0.33275	0.4693333	0.14975	0.2693333	0.17675	0.356	0.3078333	0.3500833	0.4358333	0.1578333	0.2818333	0.1779167	0.3495833	0.2033333	0.2226667	0.2415833	0.07525	0.1313333	0.1379167	0.23275	0.266	0.2808333	0.28775	0.103	0.1923333	0.1295833	0.2831667	0.15025	0.1649167	0.2015833	0.04525	0.096	0.08575	0.1766667	0.2726667	0.2905	0.3286667	0.1099167	0.1815	0.1696667	0.3078333	0.2540833	0.2776667	0.3411667	0.1000833	0.1829167	0.1329167	0.2760833
27000	0.31566667	0.34033333	0.41625	0.21808333	0.30458333	0.19575	0.3825	0.34158333	0.35258333	0.38575	0.21791667	0.32125	0.1995	0.37083333	0.24675	0.24125	0.19866667	0.14291667	0.16708333	0.16616667	0.26341667	0.31516667	0.30066667	0.244	0.17	0.23516667	0.155	0.32116667	0.177	0.15983333	0.14258333	0.10725	0.13058333	0.09958333	0.18991667	0.30825	0.30608333	0.28916667	0.17666667	0.21816667	0.19841667	0.34233333	0.28941667	0.28133333	0.29458333	0.16758333	0.21758333	0.15258333	0.29508333
27900	0.39216667	0.37108333	0.45175	0.23066667	0.33375	0.19208333	0.33	0.41825	0.39483333	0.41816667	0.22883333	0.34375	0.20075	0.32383333	0.34141667	0.29825	0.24941667	0.157	0.20241667	0.17316667	0.2275	0.409	0.358	0.29408333	0.186	0.26908333	0.163	0.28458333	0.25108333	0.19433333	0.17041667	0.11325	0.14566667	0.09891667	0.13608333	0.39283333	0.355	0.33275	0.184	0.24658333	0.20325	0.3045	0.36633333	0.31916667	0.33075	0.17625	0.24325	0.1495	0.24825
28800	0.4216667	0.3949167	0.4544167	0.1670833	0.4184167	0.2165833	0.364	0.444	0.4166667	0.4199167	0.1681667	0.4241667	0.2325	0.353	0.3808333	0.3375	0.2729167	0.1015	0.2953333	0.2078333	0.2751667	0.4465833	0.3908333	0.3149167	0.1299167	0.3609167	0.2011667	0.3303333	0.27175	0.2166667	0.1875833	0.04725	0.224	0.1245833	0.165	0.4240833	0.3853333	0.3541667	0.12125	0.3360833	0.2401667	0.3466667	0.384	0.3425	0.3376667	0.1093333	0.3241667	0.1728333	0.2748333
29700	0.36325	0.47933333	0.48583333	0.18966667	0.44075	0.23508333	0.37841667	0.38183333	0.4995	0.45525	0.19	0.45133333	0.24925	0.36225	0.33941667	0.43983333	0.32883333	0.13083333	0.33383333	0.23408333	0.30275	0.396	0.48633333	0.36975	0.1625	0.39866667	0.23225	0.35041667	0.20708333	0.29825	0.23166667	0.06341667	0.23958333	0.13683333	0.17541667	0.36675	0.47208333	0.40233333	0.1385	0.36083333	0.26625	0.357	0.32058333	0.42316667	0.3805	0.13058333	0.34466667	0.18583333	0.2855
30600	0.39791667	0.50491667	0.5115	0.18841667	0.38558333	0.30816667	0.40775	0.41758333	0.51733333	0.47425	0.18825	0.3995	0.32166667	0.39425	0.38858333	0.483	0.36991667	0.13633333	0.30141667	0.32158333	0.353	0.445	0.5215	0.40933333	0.1695	0.364	0.31883333	0.39875	0.24066667	0.32808333	0.25341667	0.05641667	0.18725	0.20491667	0.20625	0.40441667	0.49391667	0.43666667	0.13875	0.32008333	0.34775	0.402	0.35066667	0.44666667	0.40833333	0.1285	0.29658333	0.25583333	0.31658333
31500	0.4	0.45175	0.5845	0.21616667	0.42325	0.32416667	0.431	0.41666667	0.46116667	0.55108333	0.21825	0.4285	0.34658333	0.41141667	0.40683333	0.43866667	0.46641667	0.17158333	0.35016667	0.3575	0.394	0.45383333	0.47458333	0.5015	0.20675	0.41041667	0.35116667	0.43058333	0.24008333	0.26691667	0.33191667	0.07766667	0.218	0.22008333	0.23325	0.41041667	0.44408333	0.521	0.16125	0.35633333	0.37233333	0.43225	0.34625	0.38441667	0.48433333	0.15016667	0.32375	0.26683333	0.33641667
32400	0.44441667	0.48	0.59	0.23091667	0.42883333	0.26483333	0.51475	0.46241667	0.4905	0.56225	0.23958333	0.43041667	0.29008333	0.48733333	0.46441667	0.48308333	0.505	0.19675	0.37233333	0.321	0.49033333	0.50441667	0.50608333	0.53141667	0.23566667	0.422	0.31	0.51408333	0.2825	0.29916667	0.35958333	0.08933333	0.22316667	0.16341667	0.31216667	0.456	0.47825	0.55041667	0.18608333	0.37066667	0.32358333	0.512	0.38608333	0.41466667	0.50933333	0.16416667	0.33291667	0.21083333	0.41283333
33300	0.4703333	0.4811667	0.5224167	0.3031667	0.4645833	0.2978333	0.5325833	0.4906667	0.4783333	0.49375	0.3185833	0.4615	0.317	0.5015833	0.5073333	0.498	0.46475	0.2805	0.4251667	0.36475	0.5246667	0.5350833	0.5143333	0.47875	0.328	0.4610833	0.3510833	0.5416667	0.30725	0.3053333	0.3130833	0.1586667	0.2609167	0.1869167	0.34125	0.4841667	0.4823333	0.4980833	0.26275	0.4124167	0.35775	0.5380833	0.4129167	0.4205	0.456	0.2404167	0.3669167	0.2340833	0.4318333
34200	0.5475833	0.5175	0.5388333	0.3176667	0.4883333	0.3014167	0.4785833	0.56375	0.51175	0.5144167	0.3350833	0.48325	0.318	0.4545	0.5945833	0.5455	0.50825	0.3080833	0.4608333	0.38325	0.4909167	0.6225833	0.5600833	0.5145	0.3559167	0.49225	0.3674167	0.4991667	0.38475	0.34675	0.34	0.1721667	0.2859167	0.1865833	0.2945	0.5686667	0.52	0.5311667	0.2814167	0.4395833	0.3713333	0.4880833	0.4865833	0.4549167	0.4829167	0.2540833	0.3903333	0.2344167	0.3805833
35100	0.57425	0.525	0.5246667	0.2571667	0.5595	0.3299167	0.49925	0.583	0.5198333	0.5025	0.2766667	0.5504167	0.3474167	0.4778333	0.6268333	0.5730833	0.5193333	0.26125	0.5470833	0.429	0.5264167	0.6431667	0.581	0.5218333	0.31	0.57225	0.40925	0.5328333	0.40675	0.3716667	0.3465	0.1115833	0.3688333	0.2166667	0.3256667	0.5935	0.5350833	0.5304167	0.22725	0.52175	0.4023333	0.51875	0.5083333	0.4739167	0.4781667	0.1924167	0.4648333	0.2644167	0.4060833
36000	0.5154167	0.5875	0.5359167	0.27825	0.57375	0.3496667	0.4861667	0.5149167	0.5853333	0.5180833	0.3001667	0.5665	0.3696667	0.4754167	0.5695833	0.6625	0.5668333	0.2993333	0.5823333	0.4655	0.54025	0.5874167	0.6670833	0.56225	0.3474167	0.5965	0.4386667	0.5434167	0.33975	0.44875	0.3825833	0.137	0.3891667	0.2349167	0.3321667	0.5246667	0.60825	0.5551667	0.25975	0.5436667	0.4251667	0.5166667	0.4425833	0.5489167	0.5103333	0.218	0.48075	0.2840833	0.409
36900	0.5408333	0.5921667	0.5435833	0.2779167	0.5115	0.42325	0.50725	0.5343333	0.5951667	0.52625	0.3005833	0.5153333	0.444	0.49725	0.6115833	0.6829167	0.592	0.3135833	0.5381667	0.5561667	0.5794167	0.6164167	0.6851667	0.58675	0.3656667	0.5474167	0.5215	0.58025	0.3685833	0.4726667	0.40275	0.1358333	0.3429167	0.3076667	0.366	0.5494167	0.6206667	0.5693333	0.2661667	0.4945	0.5046667	0.5446667	0.4718333	0.5693333	0.5274167	0.2149167	0.4269167	0.3548333	0.43675
37800	0.529	0.5160833	0.6066667	0.3093333	0.52375	0.4436667	0.5109167	0.5201667	0.5173333	0.5883333	0.3303333	0.5328333	0.45975	0.5084167	0.6139167	0.62375	0.6746667	0.3575833	0.57825	0.5915	0.6033333	0.6174167	0.6159167	0.6655833	0.4106667	0.578	0.5470833	0.6053333	0.3731667	0.40625	0.4755833	0.1643333	0.3746667	0.3228333	0.38825	0.53975	0.5525833	0.6370833	0.2986667	0.5268333	0.5246667	0.5621667	0.4683333	0.50125	0.60525	0.2405	0.45125	0.3711667	0.4545
38700	0.5525	0.535	0.6125	0.3284167	0.50525	0.3851667	0.5726667	0.5448333	0.52875	0.597	0.3486667	0.5258333	0.4049167	0.5729167	0.64975	0.6504167	0.6961667	0.38875	0.5855	0.5465	0.6815833	0.6369167	0.631	0.677	0.4389167	0.59175	0.4900833	0.67975	0.4095833	0.43425	0.4933333	0.1816667	0.3810833	0.2668333	0.462	0.5705	0.57525	0.651	0.3215	0.53175	0.4715	0.628	0.50675	0.5318333	0.62	0.2624167	0.4536667	0.3119167	0.5246667
39600	0.5575	0.5224167	0.5383333	0.3980833	0.51575	0.407	0.572	0.5531667	0.515	0.5243333	0.4220833	0.54325	0.4251667	0.57075	0.6691667	0.6468333	0.6358333	0.478	0.62025	0.58575	0.7025	0.6504167	0.6188333	0.60275	0.51925	0.6179167	0.5210833	0.68825	0.4359167	0.43675	0.43075	0.2583333	0.40825	0.2921667	0.4809167	0.5864167	0.5621667	0.58325	0.39775	0.5586667	0.5010833	0.63325	0.5295833	0.5225	0.5561667	0.3360833	0.47975	0.3361667	0.5429167
40500	0.6176667	0.5361667	0.5511667	0.4168333	0.5189167	0.4031667	0.5029167	0.6175	0.54	0.5365833	0.4328333	0.5446667	0.4296667	0.50125	0.7391667	0.67525	0.6549167	0.50775	0.64275	0.5933333	0.63975	0.7134167	0.6375833	0.62025	0.54125	0.6279167	0.5273333	0.62025	0.5080833	0.4633333	0.45975	0.2746667	0.42575	0.29575	0.4285	0.6539167	0.589	0.59775	0.4189167	0.5676667	0.5113333	0.57575	0.60275	0.5516667	0.5746667	0.3549167	0.4941667	0.3345833	0.4901667
41400	0.62225	0.5405833	0.5336667	0.3611667	0.5789167	0.4328333	0.512	0.6208333	0.5393333	0.5194167	0.37725	0.6035	0.4565833	0.5119167	0.7494167	0.6840833	0.64425	0.4656667	0.7148333	0.6228333	0.66425	0.7169167	0.64725	0.6079167	0.4876667	0.6916667	0.5700833	0.6341667	0.52975	0.486	0.4598333	0.2215833	0.5	0.3270833	0.4506667	0.6660833	0.60525	0.5929167	0.3620833	0.6323333	0.5406667	0.5905833	0.61525	0.56525	0.5728333	0.2978333	0.5678333	0.36575	0.5169167
42300	0.54375	0.6073333	0.55475	0.3833333	0.5820833	0.45075	0.5035	0.5436667	0.6065833	0.5425833	0.4079167	0.6048333	0.4713333	0.5016667	0.6739167	0.7529167	0.66925	0.49925	0.7274167	0.6445833	0.6629167	0.6374167	0.7095833	0.6225833	0.5244167	0.6946667	0.5936667	0.6206667	0.46275	0.5568333	0.48375	0.246	0.5189167	0.3443333	0.4524167	0.5919167	0.6734167	0.61275	0.3935833	0.6435	0.55375	0.5855833	0.5419167	0.6356667	0.5885	0.3226667	0.5781667	0.3820833	0.5164167
43200	0.55725	0.6081667	0.55625	0.3816667	0.512	0.5160833	0.5168333	0.556	0.6139167	0.5458333	0.4091667	0.5418333	0.5394167	0.5190833	0.6885	0.7539167	0.6751667	0.5103333	0.6599167	0.7136667	0.6844167	0.6499167	0.7095	0.6294167	0.526	0.6230833	0.6594167	0.6398333	0.48625	0.5640833	0.4971667	0.25075	0.4599167	0.4146667	0.47775	0.6064167	0.6706667	0.61375	0.3961667	0.5761667	0.6119167	0.6070833	0.55375	0.63625	0.5943333	0.3241667	0.5154167	0.4575833	0.5361667
44100	0.5370833	0.5319167	0.6185833	0.4133333	0.5243333	0.5340833	0.5225833	0.53875	0.53675	0.6056667	0.44	0.551	0.5525833	0.5219167	0.6688333	0.6795	0.7393333	0.5579167	0.6794167	0.7230833	0.6875	0.63	0.6350833	0.6870833	0.5603333	0.6328333	0.6636667	0.6416667	0.4770833	0.4915	0.5630833	0.2799167	0.491	0.4281667	0.4895	0.5921667	0.5955	0.6733333	0.43025	0.5954167	0.6219167	0.6134167	0.5319167	0.5596667	0.6535	0.3531667	0.5361667	0.472	0.5441667
45000	0.5621667	0.5440833	0.62125	0.4293333	0.5113333	0.4756667	0.57575	0.56175	0.5490833	0.6098333	0.4529167	0.5391667	0.4934167	0.5800833	0.6931667	0.6903333	0.74275	0.5835833	0.6723333	0.6630833	0.7426667	0.6526667	0.6480833	0.6918333	0.5785	0.6208333	0.5979167	0.6970833	0.502	0.5065	0.5686667	0.3006667	0.4844167	0.3688333	0.55025	0.61375	0.6083333	0.6796667	0.45325	0.5898333	0.5574167	0.66875	0.5564167	0.57175	0.6559167	0.3715	0.53375	0.4145	0.607
45900	0.5690833	0.52775	0.54875	0.4991667	0.5250833	0.4951667	0.5806667	0.5725	0.53425	0.5364167	0.52725	0.55025	0.51675	0.5835	0.6970833	0.6705	0.6630833	0.6673333	0.6826667	0.6755833	0.7461667	0.6574167	0.6296667	0.613	0.6576667	0.6305833	0.6083333	0.6970833	0.5109167	0.4958333	0.4945	0.3748333	0.5064167	0.3938333	0.5605833	0.622	0.5945833	0.599	0.5305	0.6038333	0.5725833	0.6674167	0.5666667	0.5616667	0.577	0.4484167	0.55275	0.4374167	0.60525
46800	0.6299167	0.5450833	0.5589167	0.5156667	0.5275	0.48925	0.5125833	0.6311667	0.5489167	0.5521667	0.54475	0.5541667	0.5146667	0.51625	0.75625	0.68925	0.6731667	0.6909167	0.6866667	0.66775	0.6765	0.7156667	0.64925	0.6215	0.6736667	0.6341667	0.5930833	0.6240833	0.575	0.515	0.5100833	0.391	0.5154167	0.397	0.4909167	0.681	0.6129167	0.6103333	0.5474167	0.61	0.5646667	0.599	0.6298333	0.5825833	0.5869167	0.4625	0.5570833	0.4346667	0.5389167
47700	0.6291667	0.5464167	0.5431667	0.4551667	0.5865	0.5098333	0.5215	0.6344167	0.55375	0.537	0.48575	0.6135	0.5283333	0.5269167	0.7574167	0.6908333	0.6564167	0.6421667	0.743	0.6793333	0.6853333	0.7138333	0.64725	0.6055	0.6170833	0.6881667	0.6066667	0.6318333	0.5821667	0.5235	0.49725	0.3373333	0.5749167	0.4260833	0.50375	0.6835833	0.6161667	0.5955833	0.4899167	0.6664167	0.5843333	0.60875	0.6326667	0.585	0.5703333	0.4040833	0.6175	0.45975	0.5496667
48600	0.5503333	0.60625	0.5613333	0.4766667	0.58825	0.5183333	0.5106667	0.5549167	0.6185	0.5531667	0.5138333	0.6165833	0.5350833	0.5165833	0.6746667	0.7511667	0.6656667	0.6658333	0.74125	0.67825	0.6675833	0.6251667	0.7049167	0.6140833	0.6339167	0.6839167	0.6059167	0.6135	0.5005833	0.5828333	0.5145833	0.3610833	0.5775	0.43725	0.4898333	0.6004167	0.6779167	0.6070833	0.5205	0.6613333	0.5861667	0.59	0.5571667	0.6468333	0.5855	0.42825	0.6198333	0.4775833	0.5386667
49500	0.5640833	0.6081667	0.5654167	0.4713333	0.5175	0.5749167	0.5208333	0.567	0.6221667	0.5578333	0.5121667	0.54675	0.5919167	0.53025	0.6818333	0.7496667	0.6655833	0.6721667	0.6660833	0.7339167	0.6779167	0.6323333	0.7031667	0.6145	0.6234167	0.6084167	0.6625	0.6235	0.5188333	0.58675	0.519	0.36725	0.51	0.5118333	0.5088333	0.6076667	0.67625	0.60775	0.5231667	0.5875833	0.6495	0.6019167	0.564	0.646	0.5811667	0.42575	0.546	0.5423333	0.5544167
50400	0.5443333	0.5325	0.6231667	0.4924167	0.528	0.5793333	0.5246667	0.5526667	0.5460833	0.6175	0.5310833	0.5575	0.5936667	0.5320833	0.6584167	0.6689167	0.7228333	0.6965	0.6721667	0.7315	0.6760833	0.6065833	0.6215	0.6713333	0.6359167	0.6148333	0.6623333	0.6220833	0.5033333	0.5149167	0.5828333	0.3975833	0.5215	0.5271667	0.51125	0.5865833	0.6	0.6636667	0.5531667	0.596	0.6481667	0.6013333	0.5456667	0.56325	0.6384167	0.453	0.5560833	0.55775	0.5539167
51300	0.5640833	0.5413333	0.6229167	0.5096667	0.5136667	0.50575	0.5813333	0.5734167	0.5625833	0.619	0.5515833	0.54275	0.52375	0.5905	0.6733333	0.6780833	0.722	0.7063333	0.6543333	0.6569167	0.7274167	0.6181667	0.6271667	0.6658333	0.6348333	0.5954167	0.5863333	0.67125	0.5255833	0.526	0.5853333	0.4174167	0.5108333	0.4680833	0.5755833	0.6026667	0.6089167	0.6630833	0.5696667	0.5789167	0.5748333	0.6546667	0.5656667	0.5783333	0.63725	0.46975	0.5398333	0.495	0.60975
52200	0.571	0.526	0.5485	0.5779167	0.5224167	0.517	0.5811667	0.5783333	0.5470833	0.54075	0.6175	0.5520833	0.5330833	0.5943333	0.67175	0.6565833	0.6431667	0.7725833	0.66425	0.6615833	0.7221667	0.6145	0.60475	0.5860833	0.6915833	0.6026667	0.5916667	0.666	0.5348333	0.5103333	0.5133333	0.4919167	0.5275833	0.4923333	0.57925	0.6025833	0.5889167	0.58525	0.6385	0.5878333	0.5820833	0.65275	0.5705	0.5576667	0.55925	0.5404167	0.5498333	0.5184167	0.6096667
53100	0.6295833	0.5453333	0.5584167	0.5895	0.5233333	0.50325	0.512	0.6388333	0.5644167	0.5485833	0.6186667	0.5524167	0.5189167	0.5228333	0.7241667	0.669	0.647	0.7754167	0.6591667	0.64075	0.6473333	0.6655833	0.61725	0.5918333	0.6896667	0.5986667	0.5725833	0.59125	0.59825	0.5283333	0.526	0.5061667	0.5306667	0.486	0.50925	0.6555833	0.6013333	0.5936667	0.6471667	0.5870833	0.5626667	0.5779167	0.6255833	0.5688333	0.569	0.5525	0.5504167	0.5136667	0.5365
54000	0.6305	0.5465	0.542	0.5254167	0.57975	0.5133333	0.5220833	0.6394167	0.56575	0.534	0.55075	0.6079167	0.5326667	0.5331667	0.7176667	0.6653333	0.63175	0.70675	0.7100833	0.6473333	0.6510833	0.655	0.612	0.5733333	0.614	0.65075	0.57975	0.593	0.6028333	0.533	0.5116667	0.4501667	0.5905833	0.5004167	0.5211667	0.64625	0.6004167	0.576	0.58875	0.6389167	0.5693333	0.5846667	0.6250833	0.5706667	0.549	0.4900833	0.6040833	0.52975	0.5435833
54900	0.5476667	0.6094167	0.558	0.5396667	0.5765833	0.513	0.5060833	0.55475	0.6248333	0.5463333	0.5575833	0.60425	0.5345833	0.516	0.6235	0.7199167	0.6369167	0.71475	0.7035	0.6406667	0.6289167	0.5601667	0.6675	0.5788333	0.6193333	0.64275	0.5711667	0.5723333	0.5201667	0.5974167	0.5295833	0.47575	0.5930833	0.4999167	0.5076667	0.5546667	0.6585833	0.5860833	0.6028333	0.63425	0.5651667	0.5640833	0.5408333	0.62925	0.5635833	0.5154167	0.6028333	0.5335	0.5279167
55800	0.5579167	0.6078333	0.5564167	0.5295	0.5008333	0.57	0.5198333	0.5626667	0.6255833	0.5446667	0.5399167	0.52875	0.5884167	0.5258333	0.62325	0.71575	0.6324167	0.7030833	0.62225	0.6850833	0.6329167	0.5566667	0.6604167	0.5778333	0.6015833	0.5605833	0.6188333	0.5760833	0.535	0.6009167	0.5318333	0.4761667	0.5255	0.5603333	0.5286667	0.5535833	0.65625	0.5831667	0.5969167	0.5575833	0.6174167	0.5730833	0.5469167	0.6286667	0.5608333	0.50975	0.5289167	0.5915833	0.5406667
56700	0.5349167	0.5274167	0.61525	0.5405	0.5074167	0.5688333	0.516	0.5383333	0.54475	0.6033333	0.5505	0.5324167	0.5863333	0.5220833	0.5929167	0.6286667	0.68475	0.7140833	0.622	0.6743333	0.62175	0.5188333	0.573	0.6268333	0.6080833	0.5586667	0.6075833	0.5644167	0.51775	0.5264167	0.5909167	0.5015833	0.5381667	0.5609167	0.5305833	0.52	0.5728333	0.6415833	0.6166667	0.5625833	0.6110833	0.5675	0.523	0.5481667	0.6154167	0.5280833	0.5351667	0.5869167	0.5355
57600	0.5515833	0.5343333	0.6124167	0.5408333	0.4875	0.4973333	0.5678333	0.5523333	0.55475	0.6011667	0.55125	0.51625	0.5141667	0.5751667	0.5979167	0.629	0.6739167	0.71425	0.5930833	0.5870833	0.6633333	0.5201667	0.5741667	0.61625	0.6059167	0.5288333	0.5214167	0.6055	0.5420833	0.5434167	0.5945	0.5145833	0.5294167	0.4926667	0.5903333	0.5244167	0.5770833	0.63125	0.6161667	0.542	0.5308333	0.61425	0.53775	0.557	0.61325	0.5373333	0.5199167	0.5175833	0.5903333
58500	0.5508333	0.51875	0.5365	0.5936667	0.49625	0.5043333	0.5650833	0.55075	0.5316667	0.5265	0.60675	0.5221667	0.5184167	0.5709167	0.5855833	0.5995	0.5855	0.7680833	0.5906667	0.58075	0.6490833	0.5063333	0.5424167	0.5304167	0.6555833	0.5231667	0.5140833	0.5911667	0.5476667	0.5246667	0.52	0.5769167	0.5413333	0.5095833	0.5926667	0.5146667	0.5551667	0.556	0.6770833	0.5444167	0.5331667	0.61025	0.5325	0.5340833	0.529	0.5971667	0.5255	0.5235833	0.58475
59400	0.6065	0.53025	0.5426667	0.5916667	0.4934167	0.4886667	0.4875833	0.6055833	0.5420833	0.53225	0.603	0.5190833	0.4994167	0.4939167	0.6320833	0.60425	0.5833333	0.7620833	0.5741667	0.5470833	0.5595	0.5475	0.54475	0.5251667	0.6443333	0.5070833	0.4803333	0.502	0.6098333	0.5465	0.532	0.5856667	0.5429167	0.4965833	0.5244167	0.5601667	0.5651667	0.5585	0.6775	0.5355833	0.51025	0.5286667	0.58875	0.54325	0.53325	0.6025	0.5236667	0.508	0.51175
60300	0.60325	0.5315	0.5248333	0.5143333	0.5453333	0.4974167	0.4946667	0.6006667	0.54225	0.5135833	0.5285833	0.57425	0.507	0.5005833	0.6144167	0.5909167	0.5523333	0.68325	0.6123333	0.53875	0.5523333	0.5294167	0.53275	0.495	0.5555833	0.5454167	0.4735	0.4953333	0.6140833	0.5505833	0.5164167	0.5145	0.6023333	0.5085	0.5386667	0.5453333	0.5625	0.5351667	0.60375	0.5828333	0.5123333	0.5320833	0.5789167	0.5409167	0.5064167	0.52825	0.57475	0.51725	0.5173333
61200	0.5195833	0.587	0.5369167	0.5219167	0.5396667	0.4973333	0.4775833	0.5160833	0.5995	0.5260833	0.534	0.5683333	0.5036667	0.4790833	0.51725	0.636	0.54975	0.6821667	0.5915	0.5164167	0.5170833	0.4298333	0.5770833	0.494	0.5445833	0.5241667	0.4513333	0.4610833	0.5361667	0.6129167	0.5289167	0.5284167	0.6021667	0.5100833	0.5258333	0.4503333	0.616	0.54	0.61275	0.5695833	0.5018333	0.5074167	0.49	0.5954167	0.5106667	0.5361667	0.568	0.5138333	0.4960833
62100	0.5196667	0.5813333	0.5364167	0.5055	0.4649167	0.5508333	0.4863333	0.5204167	0.59625	0.5268333	0.5151667	0.4921667	0.5535833	0.48725	0.50925	0.619	0.5359167	0.65475	0.4989167	0.5473333	0.5109167	0.4203333	0.56425	0.4789167	0.5069167	0.4330833	0.4880833	0.4571667	0.5463333	0.614	0.5319167	0.5115833	0.5340833	0.569	0.5389167	0.4476667	0.6078333	0.5354167	0.597	0.4874167	0.545	0.5110833	0.4864167	0.5860833	0.4985833	0.5178333	0.4875	0.5659167	0.50275
63000	0.498	0.5001667	0.5905	0.5144167	0.4690833	0.5468333	0.4824167	0.4975833	0.51375	0.5828333	0.5245833	0.4965	0.54975	0.4841667	0.47075	0.51975	0.5725833	0.6455	0.4835	0.5213333	0.4849167	0.3835	0.4689167	0.522	0.491	0.42225	0.4653333	0.4381667	0.5255833	0.5355833	0.5884167	0.5284167	0.54625	0.5699167	0.5433333	0.41475	0.5191667	0.5828333	0.6051667	0.48125	0.5330833	0.5	0.455	0.4963333	0.5436667	0.5254167	0.4831667	0.5610833	0.4911667
63900	0.51275	0.5085	0.5895	0.5155833	0.4510833	0.47	0.5323333	0.5089167	0.52	0.5818333	0.5251667	0.4779167	0.46975	0.533	0.473	0.51525	0.5524167	0.6245833	0.44625	0.4226667	0.52	0.3828333	0.4633333	0.5034167	0.4615833	0.38825	0.371	0.47475	0.5449167	0.5473333	0.5896667	0.5305	0.5323333	0.4985833	0.5970833	0.4204167	0.52125	0.5735833	0.5998333	0.4525	0.4443333	0.5416667	0.45875	0.4958333	0.5301667	0.526	0.45375	0.4794167	0.5363333
64800	0.5125833	0.4813333	0.5125833	0.5704167	0.4595	0.4739167	0.5315833	0.5095	0.4995	0.5016667	0.5771667	0.4855833	0.4703333	0.53025	0.4598333	0.4795	0.4586667	0.6590833	0.4341667	0.4065	0.4975	0.3694167	0.4271667	0.4116667	0.4880833	0.3798333	0.3596667	0.4589167	0.5463333	0.5273333	0.5120833	0.58825	0.5464167	0.5059167	0.6011667	0.41275	0.491	0.4855	0.65325	0.4475	0.4384167	0.5295833	0.44625	0.4635833	0.4389167	0.5809167	0.4486667	0.4810833	0.525
65700	0.5671667	0.49725	0.5166667	0.5658333	0.4588333	0.4545833	0.4545833	0.5654167	0.5096667	0.508	0.5725833	0.482	0.4463333	0.4534167	0.5015	0.4746667	0.44975	0.6274167	0.41125	0.3628333	0.4018333	0.41175	0.4275	0.4035833	0.45425	0.3640833	0.3230833	0.36825	0.6046667	0.5458333	0.5196667	0.5883333	0.5466667	0.49	0.5304167	0.46125	0.4991667	0.4825	0.6468333	0.4315833	0.4065833	0.4435	0.4910833	0.4651667	0.4315833	0.5760833	0.4323333	0.4556667	0.4375833
66600	0.5649167	0.4950833	0.4994167	0.48925	0.51025	0.4624167	0.4641667	0.56325	0.51125	0.4909167	0.49375	0.5346667	0.4510833	0.4594167	0.4855	0.46025	0.4135833	0.523	0.4459167	0.3500833	0.39425	0.39575	0.4145	0.37175	0.3469167	0.40175	0.3150833	0.3635833	0.6001667	0.5499167	0.5035833	0.5120833	0.6065	0.4994167	0.5455	0.45225	0.4908333	0.4546667	0.5653333	0.473	0.4009167	0.4436667	0.477	0.4519167	0.4009167	0.4964167	0.4696667	0.4565	0.43325
67500	0.47875	0.5535	0.5098333	0.4925	0.5078333	0.45675	0.4415	0.4783333	0.5681667	0.4995833	0.49425	0.5296667	0.4439167	0.4388333	0.388	0.501	0.4074167	0.4988333	0.42325	0.3256667	0.35725	0.2994167	0.4583333	0.3685	0.3236667	0.38475	0.2965	0.3305833	0.5151667	0.6061667	0.5131667	0.522	0.6074167	0.49275	0.5288333	0.3598333	0.5389167	0.4545833	0.56725	0.4555833	0.3843333	0.4120833	0.3773333	0.4953333	0.3975833	0.4998333	0.4465	0.4433333	0.3995
68400	0.4889167	0.5505833	0.5085	0.4745833	0.43225	0.5065833	0.4538333	0.48375	0.5660833	0.4998333	0.4745	0.4538333	0.4920833	0.4515	0.3831667	0.4843333	0.3914167	0.4485	0.3316667	0.3564167	0.3516667	0.29475	0.4440833	0.35575	0.2776667	0.2976667	0.3345833	0.3288333	0.523	0.60925	0.5160833	0.505	0.5340833	0.5468333	0.5446667	0.3599167	0.528	0.4440833	0.5404167	0.3675	0.4205833	0.4128333	0.3715833	0.4795833	0.3838333	0.4734167	0.3549167	0.4826667	0.3951667
69300	0.4615833	0.4669167	0.5631667	0.4831667	0.4395	0.5004167	0.4508333	0.4599167	0.4830833	0.554	0.4761667	0.456	0.4816667	0.447	0.3483333	0.3866667	0.43075	0.4245833	0.31975	0.334	0.33275	0.2623333	0.3503333	0.3991667	0.2621667	0.29175	0.3175	0.3143333	0.50425	0.52875	0.57125	0.5121667	0.54325	0.5426667	0.5421667	0.3311667	0.4364167	0.4876667	0.5390833	0.3595	0.4024167	0.3981667	0.3359167	0.3841667	0.4273333	0.4744167	0.3441667	0.4645833	0.3786667
70200	0.4770833	0.47725	0.56375	0.4811667	0.4186667	0.4225833	0.5014167	0.4728333	0.4913333	0.54975	0.4689167	0.4375	0.4013333	0.49775	0.352	0.384	0.4156667	0.3925	0.287	0.2419167	0.3708333	0.26625	0.3478333	0.386	0.2385833	0.2633333	0.2295	0.3575	0.5174167	0.5390833	0.5715	0.5116667	0.5249167	0.4644167	0.5975833	0.3401667	0.43875	0.4765	0.5285833	0.3285	0.3131667	0.4385	0.3376667	0.3790833	0.4140833	0.46175	0.30925	0.3736667	0.4158333
71100	0.4749167	0.45725	0.4845	0.5304167	0.4280833	0.4280833	0.4999167	0.4720833	0.4688333	0.4711667	0.5128333	0.4435833	0.4006667	0.4943333	0.34	0.35125	0.32475	0.4161667	0.28075	0.23375	0.3554167	0.2570833	0.316	0.2986667	0.2745	0.2623333	0.2255833	0.3466667	0.5189167	0.52225	0.4975833	0.56575	0.5365	0.4695	0.5963333	0.3331667	0.4076667	0.3881667	0.56875	0.3240833	0.3056667	0.4259167	0.3245	0.345	0.3259167	0.5015	0.3033333	0.3649167	0.3994167
72000	0.5314167	0.4695	0.48925	0.5253333	0.4270833	0.4051667	0.4253333	0.52725	0.48375	0.4766667	0.5001667	0.4380833	0.3775	0.4180833	0.3891667	0.3529167	0.31975	0.38425	0.2655	0.2015	0.26625	0.3060833	0.3206667	0.29525	0.2539167	0.2520833	0.1965	0.2605833	0.5741667	0.5380833	0.5053333	0.564	0.5331667	0.44825	0.52175	0.38525	0.4143333	0.3874167	0.5508333	0.3095833	0.273	0.33975	0.3724167	0.3489167	0.325	0.48325	0.2881667	0.3315833	0.31025
72900	0.5265	0.46975	0.4713333	0.4459167	0.48075	0.4123333	0.4345833	0.523	0.48275	0.4583333	0.4131667	0.4885833	0.381	0.42575	0.37875	0.3445833	0.2915	0.2833333	0.3095	0.2008333	0.267	0.29675	0.3115	0.2693333	0.1633333	0.2991667	0.19675	0.2625833	0.5738333	0.54025	0.48875	0.4881667	0.58775	0.45675	0.533	0.3773333	0.40475	0.3599167	0.4575833	0.352	0.2685833	0.33875	0.35775	0.337	0.3003333	0.39125	0.3303333	0.32675	0.3063333
73800	0.4424167	0.529	0.48275	0.4485833	0.4763333	0.408	0.4145833	0.4368333	0.53975	0.4688333	0.4070833	0.481	0.3716667	0.40425	0.2879167	0.3908333	0.2946667	0.2656667	0.2964167	0.1883333	0.2375833	0.2076667	0.3593333	0.2718333	0.15825	0.2890833	0.1869167	0.2364167	0.49075	0.5990833	0.5029167	0.4929167	0.5869167	0.4500833	0.5120833	0.2891667	0.45425	0.361	0.4455833	0.3378333	0.2548333	0.3106667	0.2641667	0.3830833	0.3034167	0.3795	0.3164167	0.3091667	0.27425
74700	0.4458333	0.5263333	0.4826667	0.42075	0.4005	0.4578333	0.4253333	0.4398333	0.53675	0.4635833	0.3765833	0.4023333	0.416	0.4129167	0.2878333	0.38475	0.2858333	0.2263333	0.2129167	0.2344167	0.2406667	0.2086667	0.35025	0.2645	0.1305	0.2075833	0.2341667	0.2409167	0.4963333	0.5988333	0.5005833	0.4726667	0.51175	0.501	0.5254167	0.2905833	0.44475	0.3531667	0.4081667	0.2539167	0.2965833	0.3120833	0.262	0.37375	0.2975833	0.34575	0.2323333	0.34925	0.2754167
75600	0.42075	0.44475	0.5374167	0.4225	0.4044167	0.4519167	0.4211667	0.4128333	0.4535	0.5176667	0.3715	0.4015833	0.4063333	0.4069167	0.2599167	0.2945	0.3350833	0.2148333	0.21125	0.22425	0.23075	0.1809167	0.26125	0.3150833	0.1316667	0.2086667	0.2265	0.23225	0.4765833	0.5203333	0.55825	0.4771667	0.5169167	0.4966667	0.51875	0.2636667	0.35475	0.402	0.3961667	0.2510833	0.2845833	0.3009167	0.2326667	0.28475	0.3476667	0.3375	0.2308333	0.3336667	0.2640833
76500	0.42975	0.4555	0.5355833	0.41375	0.3848333	0.3754167	0.473	0.4245	0.4620833	0.5134167	0.3575833	0.3790833	0.32475	0.4566667	0.26925	0.2985	0.3269167	0.1980833	0.1874167	0.14525	0.2765	0.1905833	0.26475	0.3086667	0.1253333	0.1869167	0.1480833	0.2791667	0.49125	0.5320833	0.5564167	0.4741667	0.4995833	0.42	0.5714167	0.274	0.3564167	0.3935	0.37675	0.22425	0.20025	0.34375	0.23975	0.2850833	0.3421667	0.3209167	0.2075	0.24825	0.308
77400	0.4241667	0.4361667	0.4569167	0.4600833	0.3908333	0.3789167	0.4701667	0.4185	0.4395833	0.4326667	0.3975	0.3820833	0.3231667	0.4516667	0.2638333	0.2738333	0.2435833	0.2374167	0.1900833	0.1489167	0.26925	0.1866667	0.2383333	0.22575	0.1748333	0.1909167	0.1505833	0.2741667	0.4899167	0.5151667	0.4754167	0.5268333	0.5063333	0.42375	0.5706667	0.26775	0.3301667	0.3104167	0.4116667	0.2260833	0.1995833	0.33575	0.232	0.25975	0.2619167	0.361	0.2115833	0.24475	0.299
78300	0.4775	0.4491667	0.4640833	0.4483333	0.3865	0.3575	0.39425	0.4699167	0.45275	0.4400833	0.3819167	0.3741667	0.2991667	0.3706667	0.31875	0.2841667	0.24775	0.2234167	0.185	0.128	0.1895833	0.2434167	0.2485	0.229	0.1701667	0.18775	0.131	0.1949167	0.55025	0.53	0.4824167	0.52	0.5048333	0.4056667	0.4931667	0.32175	0.3376667	0.31075	0.3913333	0.2175833	0.1741667	0.2530833	0.2854167	0.2685833	0.2649167	0.3456667	0.2060833	0.2180833	0.2174167
79200	0.46975	0.44666667	0.444	0.36216667	0.43808333	0.36091667	0.40316667	0.4615	0.45	0.41975	0.29325	0.42016667	0.30158333	0.3755	0.31341667	0.28025	0.22816667	0.13758333	0.23558333	0.13583333	0.19441667	0.23866667	0.24316667	0.20816667	0.09191667	0.23958333	0.13825	0.20091667	0.549	0.52716667	0.4675	0.44066667	0.559	0.4145	0.50375	0.315	0.32975	0.28808333	0.29916667	0.266	0.17908333	0.25591667	0.2785	0.26366667	0.24716667	0.26	0.25725	0.21908333	0.22258333
80100	0.38016667	0.50441667	0.45433333	0.35883333	0.42958333	0.35558333	0.38066667	0.37308333	0.50416667	0.4275	0.28841667	0.412	0.2915	0.35183333	0.22725	0.3345	0.23433333	0.13591667	0.23008333	0.13325	0.17266667	0.15416667	0.29708333	0.21716667	0.09766667	0.23425	0.136	0.17908333	0.46525	0.58466667	0.47816667	0.4425	0.55366667	0.41141667	0.48041667	0.22925	0.38191667	0.29358333	0.2895	0.25816667	0.17158333	0.23033333	0.19141667	0.31725	0.25625	0.25625	0.25233333	0.20925	0.19825
81000	0.38116667	0.50383333	0.45208333	0.33141667	0.35125	0.40525	0.38966667	0.37208333	0.50141667	0.42441667	0.26	0.32975	0.3375	0.35825	0.23233333	0.33125	0.23241667	0.11325	0.15258333	0.18633333	0.18283333	0.16066667	0.29308333	0.21425	0.08016667	0.15958333	0.18883333	0.18925	0.47291667	0.58525	0.47758333	0.42	0.47775	0.46316667	0.491	0.23166667	0.37541667	0.28983333	0.25933333	0.17941667	0.22191667	0.23825	0.19458333	0.31308333	0.25491667	0.23108333	0.17658333	0.25575	0.20658333
81900	0.35391667	0.4205	0.50775	0.33083333	0.35225	0.39683333	0.38508333	0.344	0.41833333	0.47791667	0.25891667	0.32916667	0.33	0.3465	0.21041667	0.24975	0.2865	0.11741667	0.15833333	0.18541667	0.17808333	0.14008333	0.20933333	0.26925	0.09016667	0.16591667	0.1865	0.18625	0.45225	0.50258333	0.53083333	0.42366667	0.48175	0.45858333	0.48741667	0.20833333	0.28916667	0.3435	0.25575	0.18283333	0.21708333	0.23133333	0.17258333	0.22983333	0.31166667	0.23216667	0.18208333	0.24875	0.20216667
82800	0.35816667	0.4285	0.50433333	0.32016667	0.32991667	0.31883333	0.43275	0.35083333	0.42475	0.475	0.24883333	0.3035	0.249	0.39325	0.22258333	0.25575	0.2845	0.113	0.13991667	0.1115	0.23016667	0.1535	0.21533333	0.26583333	0.09083333	0.148	0.11341667	0.23658333	0.46625	0.51275	0.52941667	0.41741667	0.46058333	0.38241667	0.53566667	0.217	0.29341667	0.33625	0.24441667	0.16283333	0.14225	0.27866667	0.18308333	0.23708333	0.30991667	0.225	0.1655	0.16983333	0.25258333
83700	0.3508333	0.4070833	0.4260833	0.3661667	0.3320833	0.3205833	0.42825	0.3414167	0.4009167	0.3939167	0.2954167	0.3055	0.2495	0.3854167	0.2208333	0.23725	0.207	0.1655	0.1493333	0.1191667	0.2288333	0.1535833	0.194	0.1888333	0.1469167	0.1574167	0.1200833	0.23475	0.4644167	0.4905	0.4521667	0.4643333	0.468	0.3846667	0.5353333	0.2145	0.2688333	0.258	0.2914167	0.1698333	0.1475833	0.275	0.18175	0.2165833	0.23425	0.275	0.1754167	0.17275	0.2503333
84600	0.4028333	0.4196667	0.4333333	0.356	0.3244167	0.2979167	0.3468333	0.3915	0.411	0.3978333	0.2859167	0.2969167	0.2260833	0.3034167	0.2801667	0.25125	0.2139167	0.16175	0.1485	0.1044167	0.1530833	0.2121667	0.2069167	0.1946667	0.1459167	0.15675	0.1043333	0.159	0.5225	0.5035833	0.4556667	0.4553333	0.4629167	0.3641667	0.4575833	0.2714167	0.2779167	0.2621667	0.28	0.1675	0.1299167	0.1975833	0.23925	0.2305833	0.2425	0.2675	0.1759167	0.152	0.174
85500	0.3955	0.4175	0.41341667	0.27125	0.37341667	0.30208333	0.35316667	0.38275	0.40733333	0.379	0.20375	0.34541667	0.23083333	0.304	0.27875	0.25108333	0.19916667	0.08658333	0.204	0.1155	0.16266667	0.21175	0.20525	0.17883333	0.073	0.21183333	0.11566667	0.16925	0.52033333	0.50158333	0.43725	0.37083333	0.51616667	0.36816667	0.46475	0.26841667	0.27591667	0.24383333	0.19808333	0.22208333	0.1395	0.20441667	0.23875	0.23033333	0.22625	0.18916667	0.23266667	0.15925	0.18458333