time	temperature	A1	B1	C1	D1	E1	F1	G1	H1	A2	B2	C2	D2	E2	F2	G2	H2	A3	B3	C3	D3	E3	F3	G3	H3	A4	B4	C4	D4	E4	F4	G4	H4	A5	B5	C5	D5	E5	F5	G5	H5	A6	B6	C6	D6	E6	F6	G6	H6	A7	B7	C7	D7	E7	F7	G7	H7	A8	B8	C8	D8	E8	F8	G8	H8	A9	B9	C9	D9	E9	F9	G9	H9	A10	B10	C10	D10	E10	F10	G10	H10	A11	B11	C11	D11	E11	F11	G11	H11	A12	B12	C12	D12	E12	F12	G12	H12
0s	36.2 ¡C	0.088	0.087	0.106	0.087	0.089	0.091	0.087	0.085	0.09	0.09	0.096	0.087	0.089	0.088	0.091	0.089	0.095	0.09	0.091	0.093	0.092	0.09	0.092	0.096	0.09	0.091	0.088	0.091	0.09	0.088	0.09	0.094	0.09	0.096	0.093	0.093	0.093	0.09	0.094	0.089	0.088	0.091	0.089	0.085	0.089	0.089	0.09	0.089	0.091	0.089	0.159	0.091	0.095	0.155	0.141	0.093	0.092	0.088	0.158	0.096	0.102	0.163	0.144	0.096	0.091	0.087	0.157	0.1	0.112	0.166	0.147	0.099	0.094	0.095	0.19	0.11	0.105	0.183	0.093	0.101	0.095	0.094	0.197	0.095	0.111	0.182	0.09	0.126	0.095	0.095	0.18	0.097	0.102	0.176	0.089	0.093
900s	36.8 ¡C	0.087	0.086	0.106	0.086	0.088	0.09	0.087	0.085	0.088	0.089	0.095	0.086	0.088	0.087	0.091	0.089	0.091	0.088	0.09	0.091	0.091	0.088	0.092	0.096	0.089	0.087	0.087	0.089	0.089	0.087	0.089	0.093	0.088	0.092	0.091	0.092	0.093	0.088	0.094	0.088	0.087	0.089	0.088	0.084	0.086	0.09	0.09	0.088	0.091	0.09	0.159	0.091	0.095	0.156	0.139	0.093	0.091	0.086	0.157	0.092	0.101	0.162	0.143	0.094	0.089	0.086	0.158	0.095	0.11	0.163	0.148	0.098	0.094	0.093	0.187	0.106	0.101	0.181	0.089	0.101	0.092	0.089	0.194	0.093	0.106	0.181	0.089	0.124	0.094	0.093	0.177	0.096	0.102	0.174	0.089	0.092
1801s	36.8 ¡C	0.087	0.086	0.105	0.086	0.088	0.089	0.087	0.085	0.088	0.089	0.095	0.086	0.088	0.087	0.091	0.089	0.091	0.088	0.089	0.091	0.091	0.088	0.091	0.095	0.089	0.087	0.087	0.089	0.088	0.087	0.089	0.093	0.088	0.091	0.091	0.091	0.095	0.088	0.094	0.088	0.087	0.089	0.088	0.088	0.085	0.089	0.089	0.088	0.092	0.089	0.159	0.091	0.095	0.156	0.141	0.093	0.091	0.086	0.158	0.092	0.101	0.162	0.142	0.094	0.089	0.086	0.158	0.095	0.108	0.163	0.149	0.098	0.093	0.093	0.184	0.105	0.101	0.179	0.089	0.1	0.092	0.089	0.191	0.093	0.105	0.179	0.089	0.122	0.093	0.092	0.176	0.095	0.102	0.171	0.089	0.092
2700s	37.0 ¡C	0.087	0.086	0.105	0.086	0.088	0.09	0.087	0.085	0.088	0.089	0.094	0.086	0.088	0.087	0.091	0.089	0.091	0.088	0.089	0.091	0.091	0.088	0.091	0.095	0.089	0.086	0.086	0.089	0.088	0.087	0.089	0.093	0.087	0.091	0.091	0.091	0.094	0.088	0.093	0.088	0.087	0.088	0.091	0.088	0.085	0.089	0.092	0.088	0.091	0.089	0.159	0.09	0.094	0.156	0.144	0.093	0.091	0.086	0.158	0.092	0.101	0.162	0.143	0.094	0.089	0.086	0.158	0.094	0.108	0.163	0.15	0.098	0.094	0.093	0.183	0.104	0.101	0.176	0.089	0.1	0.092	0.093	0.19	0.093	0.104	0.177	0.088	0.122	0.093	0.092	0.175	0.095	0.102	0.17	0.089	0.092
3600s	36.8 ¡C	0.087	0.086	0.105	0.086	0.088	0.09	0.087	0.085	0.088	0.088	0.094	0.085	0.088	0.087	0.091	0.089	0.09	0.088	0.089	0.09	0.09	0.088	0.091	0.095	0.088	0.086	0.086	0.089	0.088	0.087	0.089	0.093	0.087	0.091	0.091	0.091	0.094	0.088	0.093	0.088	0.087	0.088	0.09	0.087	0.085	0.089	0.092	0.088	0.091	0.089	0.159	0.09	0.094	0.156	0.146	0.092	0.091	0.086	0.158	0.092	0.101	0.162	0.143	0.094	0.089	0.086	0.157	0.094	0.108	0.163	0.156	0.098	0.094	0.093	0.182	0.104	0.101	0.175	0.089	0.1	0.092	0.093	0.188	0.093	0.104	0.176	0.089	0.121	0.093	0.093	0.174	0.095	0.102	0.169	0.089	0.092
4501s	36.8 ¡C	0.087	0.087	0.105	0.086	0.088	0.089	0.087	0.085	0.088	0.088	0.094	0.085	0.088	0.087	0.09	0.089	0.091	0.088	0.089	0.09	0.09	0.088	0.091	0.096	0.089	0.086	0.086	0.089	0.089	0.086	0.089	0.093	0.087	0.091	0.091	0.091	0.095	0.088	0.094	0.088	0.087	0.089	0.09	0.087	0.085	0.089	0.091	0.088	0.091	0.089	0.159	0.09	0.094	0.155	0.147	0.092	0.091	0.086	0.158	0.092	0.1	0.161	0.144	0.094	0.089	0.086	0.157	0.094	0.108	0.162	0.158	0.098	0.094	0.093	0.181	0.104	0.101	0.174	0.089	0.1	0.092	0.093	0.187	0.093	0.105	0.175	0.089	0.12	0.093	0.093	0.173	0.095	0.101	0.167	0.088	0.092
5400s	36.6 ¡C	0.087	0.086	0.105	0.086	0.088	0.09	0.087	0.085	0.088	0.088	0.094	0.086	0.088	0.087	0.09	0.089	0.09	0.088	0.089	0.09	0.09	0.089	0.09	0.096	0.088	0.086	0.086	0.089	0.089	0.087	0.089	0.093	0.087	0.091	0.091	0.091	0.094	0.088	0.094	0.088	0.086	0.088	0.09	0.087	0.085	0.089	0.091	0.088	0.091	0.089	0.159	0.09	0.094	0.155	0.147	0.092	0.091	0.086	0.158	0.092	0.1	0.161	0.145	0.094	0.089	0.086	0.157	0.094	0.108	0.162	0.159	0.098	0.094	0.093	0.18	0.104	0.101	0.173	0.089	0.1	0.092	0.093	0.186	0.093	0.105	0.174	0.089	0.12	0.093	0.092	0.172	0.095	0.102	0.167	0.088	0.092
6300s	36.9 ¡C	0.086	0.086	0.104	0.086	0.088	0.089	0.087	0.085	0.088	0.088	0.094	0.085	0.088	0.086	0.09	0.089	0.09	0.088	0.089	0.09	0.09	0.088	0.09	0.096	0.088	0.086	0.086	0.089	0.088	0.086	0.089	0.093	0.087	0.091	0.091	0.091	0.094	0.088	0.094	0.088	0.087	0.088	0.09	0.087	0.085	0.089	0.091	0.088	0.091	0.089	0.159	0.09	0.094	0.154	0.148	0.092	0.091	0.086	0.157	0.092	0.1	0.161	0.145	0.094	0.088	0.086	0.157	0.094	0.108	0.162	0.16	0.098	0.094	0.093	0.179	0.104	0.101	0.172	0.089	0.1	0.092	0.094	0.185	0.093	0.104	0.174	0.089	0.12	0.093	0.093	0.171	0.096	0.102	0.165	0.089	0.092
7201s	36.7 ¡C	0.087	0.086	0.104	0.086	0.088	0.089	0.087	0.085	0.088	0.088	0.093	0.086	0.088	0.086	0.09	0.088	0.09	0.088	0.089	0.09	0.09	0.088	0.09	0.095	0.088	0.086	0.086	0.089	0.088	0.086	0.089	0.093	0.088	0.091	0.091	0.091	0.094	0.088	0.093	0.088	0.087	0.088	0.09	0.087	0.085	0.089	0.091	0.088	0.091	0.089	0.158	0.09	0.094	0.154	0.148	0.092	0.091	0.086	0.157	0.092	0.101	0.16	0.146	0.093	0.089	0.086	0.157	0.095	0.108	0.161	0.161	0.098	0.094	0.093	0.178	0.104	0.101	0.171	0.089	0.1	0.092	0.094	0.184	0.093	0.104	0.173	0.088	0.12	0.093	0.093	0.171	0.095	0.102	0.165	0.088	0.092
8100s	36.8 ¡C	0.087	0.086	0.104	0.086	0.088	0.089	0.087	0.085	0.088	0.088	0.094	0.086	0.088	0.087	0.09	0.089	0.09	0.088	0.089	0.09	0.09	0.088	0.091	0.095	0.088	0.086	0.086	0.089	0.088	0.086	0.089	0.092	0.087	0.092	0.091	0.091	0.094	0.088	0.093	0.088	0.087	0.088	0.09	0.087	0.085	0.089	0.091	0.088	0.091	0.089	0.158	0.09	0.094	0.154	0.148	0.092	0.091	0.086	0.157	0.092	0.1	0.16	0.146	0.093	0.089	0.086	0.157	0.095	0.107	0.161	0.162	0.098	0.094	0.093	0.177	0.104	0.101	0.171	0.089	0.1	0.092	0.094	0.183	0.093	0.105	0.172	0.089	0.12	0.093	0.093	0.17	0.095	0.101	0.164	0.089	0.092
9000s	36.8 ¡C	0.087	0.086	0.104	0.086	0.087	0.089	0.087	0.085	0.088	0.088	0.093	0.086	0.088	0.087	0.09	0.088	0.09	0.088	0.089	0.09	0.09	0.089	0.09	0.095	0.088	0.086	0.086	0.089	0.089	0.086	0.089	0.092	0.087	0.091	0.091	0.091	0.094	0.088	0.093	0.088	0.086	0.088	0.09	0.087	0.085	0.089	0.091	0.088	0.091	0.089	0.158	0.09	0.094	0.153	0.148	0.092	0.091	0.086	0.156	0.092	0.1	0.16	0.146	0.093	0.088	0.086	0.157	0.094	0.107	0.16	0.162	0.098	0.094	0.093	0.176	0.103	0.101	0.171	0.089	0.1	0.092	0.094	0.182	0.093	0.105	0.172	0.089	0.12	0.093	0.093	0.169	0.095	0.102	0.164	0.088	0.092
9901s	36.6 ¡C	0.086	0.086	0.104	0.086	0.088	0.089	0.087	0.085	0.088	0.088	0.093	0.085	0.088	0.086	0.09	0.088	0.09	0.088	0.089	0.09	0.09	0.088	0.09	0.095	0.088	0.086	0.086	0.089	0.088	0.086	0.089	0.093	0.088	0.092	0.091	0.091	0.094	0.088	0.093	0.088	0.086	0.088	0.09	0.086	0.085	0.089	0.091	0.088	0.091	0.089	0.157	0.09	0.098	0.153	0.148	0.092	0.091	0.086	0.156	0.092	0.1	0.159	0.149	0.093	0.089	0.086	0.157	0.094	0.108	0.16	0.163	0.098	0.094	0.093	0.176	0.103	0.101	0.17	0.089	0.1	0.092	0.094	0.181	0.093	0.105	0.171	0.088	0.119	0.093	0.093	0.169	0.095	0.102	0.163	0.089	0.092
10800s	36.8 ¡C	0.087	0.085	0.105	0.086	0.087	0.089	0.087	0.085	0.088	0.088	0.094	0.085	0.088	0.086	0.09	0.089	0.09	0.088	0.089	0.09	0.09	0.088	0.09	0.095	0.088	0.086	0.087	0.089	0.088	0.086	0.089	0.092	0.088	0.092	0.091	0.091	0.094	0.088	0.093	0.088	0.086	0.088	0.09	0.086	0.085	0.089	0.091	0.088	0.091	0.089	0.157	0.09	0.098	0.153	0.148	0.092	0.091	0.086	0.156	0.092	0.1	0.159	0.15	0.093	0.089	0.086	0.157	0.095	0.108	0.16	0.163	0.098	0.094	0.093	0.176	0.103	0.101	0.169	0.089	0.1	0.092	0.094	0.181	0.093	0.103	0.171	0.088	0.119	0.094	0.093	0.169	0.095	0.102	0.163	0.088	0.092
11700s	36.9 ¡C	0.088	0.086	0.104	0.086	0.087	0.089	0.087	0.085	0.088	0.088	0.093	0.086	0.088	0.086	0.09	0.088	0.09	0.088	0.088	0.09	0.09	0.088	0.09	0.095	0.088	0.087	0.086	0.089	0.088	0.086	0.089	0.092	0.088	0.092	0.091	0.091	0.094	0.088	0.093	0.088	0.086	0.088	0.09	0.087	0.085	0.089	0.091	0.088	0.091	0.089	0.157	0.09	0.098	0.152	0.148	0.092	0.091	0.086	0.156	0.092	0.1	0.159	0.15	0.093	0.089	0.086	0.157	0.095	0.108	0.159	0.163	0.098	0.094	0.093	0.175	0.104	0.101	0.169	0.089	0.1	0.092	0.094	0.18	0.093	0.104	0.171	0.089	0.119	0.094	0.093	0.167	0.096	0.102	0.163	0.088	0.092
12601s	36.8 ¡C	0.089	0.086	0.104	0.086	0.087	0.089	0.087	0.085	0.088	0.088	0.093	0.085	0.088	0.086	0.09	0.089	0.09	0.088	0.089	0.09	0.09	0.088	0.09	0.095	0.088	0.087	0.087	0.089	0.087	0.086	0.089	0.092	0.087	0.092	0.091	0.091	0.094	0.088	0.093	0.088	0.086	0.088	0.09	0.086	0.085	0.089	0.091	0.088	0.091	0.089	0.156	0.09	0.098	0.152	0.148	0.092	0.091	0.086	0.155	0.092	0.101	0.158	0.15	0.093	0.089	0.086	0.157	0.095	0.107	0.159	0.163	0.098	0.094	0.093	0.175	0.103	0.101	0.169	0.089	0.1	0.092	0.094	0.179	0.093	0.105	0.17	0.088	0.119	0.094	0.093	0.167	0.096	0.101	0.162	0.089	0.092
13500s	36.8 ¡C	0.089	0.085	0.104	0.086	0.087	0.089	0.087	0.085	0.088	0.088	0.093	0.086	0.088	0.086	0.09	0.088	0.09	0.088	0.089	0.09	0.09	0.088	0.09	0.095	0.088	0.087	0.086	0.089	0.088	0.086	0.089	0.092	0.088	0.092	0.091	0.091	0.094	0.088	0.093	0.088	0.086	0.088	0.09	0.086	0.085	0.089	0.091	0.088	0.091	0.089	0.156	0.09	0.098	0.152	0.148	0.092	0.091	0.086	0.155	0.092	0.101	0.158	0.15	0.093	0.09	0.086	0.156	0.095	0.107	0.159	0.163	0.098	0.094	0.093	0.174	0.104	0.101	0.169	0.089	0.1	0.092	0.094	0.179	0.093	0.105	0.17	0.089	0.119	0.094	0.093	0.166	0.096	0.102	0.162	0.088	0.092
14400s	36.7 ¡C	0.089	0.086	0.104	0.086	0.087	0.089	0.087	0.085	0.088	0.088	0.093	0.086	0.088	0.086	0.09	0.088	0.09	0.088	0.088	0.09	0.09	0.088	0.09	0.095	0.088	0.087	0.087	0.089	0.087	0.086	0.088	0.092	0.088	0.092	0.091	0.091	0.094	0.088	0.093	0.088	0.086	0.088	0.09	0.086	0.085	0.089	0.091	0.088	0.09	0.089	0.156	0.09	0.097	0.152	0.147	0.092	0.091	0.086	0.155	0.092	0.1	0.158	0.149	0.093	0.09	0.086	0.156	0.096	0.107	0.158	0.164	0.098	0.094	0.093	0.174	0.104	0.101	0.169	0.089	0.1	0.092	0.094	0.179	0.093	0.105	0.169	0.089	0.119	0.094	0.093	0.166	0.096	0.102	0.162	0.089	0.092
15301s	36.7 ¡C	0.089	0.086	0.103	0.087	0.087	0.089	0.087	0.085	0.088	0.088	0.093	0.085	0.088	0.086	0.09	0.088	0.09	0.088	0.088	0.09	0.09	0.088	0.091	0.095	0.088	0.087	0.086	0.089	0.087	0.086	0.089	0.092	0.088	0.092	0.091	0.091	0.094	0.088	0.093	0.088	0.086	0.088	0.09	0.086	0.085	0.089	0.091	0.088	0.091	0.089	0.156	0.09	0.098	0.151	0.147	0.092	0.091	0.086	0.155	0.092	0.1	0.158	0.149	0.093	0.09	0.086	0.156	0.096	0.108	0.158	0.164	0.098	0.094	0.092	0.174	0.104	0.101	0.169	0.089	0.1	0.092	0.094	0.179	0.093	0.105	0.17	0.089	0.119	0.094	0.093	0.165	0.096	0.102	0.161	0.089	0.092
16200s	36.6 ¡C	0.089	0.086	0.103	0.087	0.087	0.089	0.086	0.085	0.088	0.088	0.093	0.085	0.087	0.086	0.09	0.088	0.091	0.088	0.088	0.09	0.09	0.088	0.09	0.096	0.088	0.087	0.086	0.089	0.088	0.086	0.089	0.092	0.088	0.092	0.091	0.091	0.094	0.088	0.094	0.088	0.086	0.088	0.09	0.086	0.085	0.089	0.091	0.088	0.09	0.089	0.155	0.09	0.097	0.151	0.147	0.092	0.091	0.086	0.155	0.092	0.1	0.158	0.149	0.093	0.091	0.086	0.156	0.096	0.108	0.158	0.163	0.098	0.094	0.093	0.174	0.104	0.101	0.169	0.089	0.1	0.092	0.094	0.179	0.093	0.105	0.169	0.089	0.118	0.094	0.093	0.165	0.096	0.102	0.161	0.088	0.092
17100s	36.7 ¡C	0.089	0.086	0.103	0.087	0.087	0.089	0.086	0.085	0.088	0.088	0.093	0.085	0.087	0.086	0.09	0.088	0.091	0.088	0.088	0.09	0.09	0.088	0.09	0.095	0.088	0.087	0.086	0.088	0.088	0.086	0.089	0.092	0.088	0.092	0.091	0.091	0.094	0.088	0.093	0.088	0.086	0.088	0.089	0.086	0.085	0.089	0.091	0.088	0.091	0.089	0.155	0.09	0.098	0.151	0.147	0.092	0.091	0.086	0.154	0.092	0.1	0.158	0.149	0.093	0.091	0.086	0.156	0.096	0.107	0.158	0.163	0.098	0.094	0.093	0.174	0.103	0.101	0.17	0.089	0.1	0.093	0.094	0.178	0.093	0.105	0.169	0.089	0.118	0.094	0.093	0.164	0.096	0.102	0.162	0.089	0.092
18001s	36.7 ¡C	0.09	0.086	0.104	0.088	0.087	0.089	0.086	0.085	0.088	0.088	0.093	0.086	0.088	0.086	0.09	0.088	0.091	0.088	0.088	0.09	0.09	0.088	0.09	0.095	0.088	0.087	0.086	0.089	0.088	0.086	0.089	0.092	0.088	0.092	0.091	0.091	0.094	0.088	0.093	0.088	0.086	0.088	0.089	0.086	0.085	0.089	0.09	0.088	0.09	0.088	0.155	0.09	0.098	0.151	0.146	0.092	0.091	0.086	0.155	0.092	0.101	0.158	0.148	0.093	0.091	0.086	0.156	0.097	0.108	0.158	0.163	0.098	0.094	0.093	0.174	0.104	0.102	0.17	0.089	0.1	0.093	0.094	0.179	0.094	0.105	0.169	0.089	0.118	0.094	0.093	0.164	0.097	0.102	0.162	0.089	0.092
18900s	36.8 ¡C	0.089	0.086	0.103	0.087	0.087	0.089	0.087	0.085	0.088	0.088	0.093	0.085	0.087	0.086	0.09	0.088	0.091	0.088	0.088	0.09	0.09	0.088	0.09	0.096	0.088	0.087	0.086	0.089	0.088	0.086	0.088	0.092	0.088	0.092	0.091	0.091	0.094	0.088	0.093	0.088	0.086	0.088	0.089	0.086	0.085	0.089	0.091	0.088	0.09	0.088	0.155	0.09	0.098	0.15	0.146	0.092	0.091	0.086	0.154	0.092	0.101	0.157	0.148	0.093	0.091	0.086	0.156	0.097	0.107	0.157	0.163	0.098	0.094	0.093	0.174	0.104	0.101	0.17	0.089	0.1	0.093	0.094	0.179	0.094	0.106	0.17	0.089	0.118	0.094	0.093	0.164	0.096	0.102	0.16	0.089	0.092
19800s	36.8 ¡C	0.09	0.086	0.103	0.088	0.087	0.089	0.086	0.085	0.088	0.088	0.093	0.085	0.088	0.086	0.09	0.088	0.091	0.088	0.088	0.09	0.09	0.088	0.09	0.095	0.088	0.088	0.087	0.089	0.088	0.086	0.088	0.092	0.088	0.092	0.091	0.091	0.094	0.088	0.093	0.088	0.086	0.088	0.09	0.086	0.085	0.089	0.091	0.088	0.09	0.088	0.155	0.09	0.098	0.15	0.146	0.092	0.091	0.086	0.154	0.092	0.1	0.158	0.148	0.093	0.091	0.086	0.156	0.097	0.107	0.157	0.163	0.098	0.094	0.093	0.174	0.104	0.102	0.169	0.089	0.1	0.093	0.094	0.179	0.094	0.105	0.17	0.089	0.119	0.094	0.093	0.164	0.097	0.101	0.161	0.089	0.092
20701s	36.8 ¡C	0.09	0.086	0.104	0.088	0.087	0.089	0.086	0.085	0.089	0.088	0.093	0.085	0.088	0.086	0.09	0.088	0.091	0.088	0.088	0.089	0.09	0.088	0.09	0.095	0.088	0.087	0.086	0.088	0.088	0.086	0.088	0.092	0.088	0.092	0.091	0.091	0.094	0.088	0.093	0.088	0.086	0.088	0.089	0.086	0.085	0.089	0.09	0.088	0.09	0.088	0.155	0.09	0.097	0.15	0.145	0.092	0.091	0.086	0.154	0.092	0.1	0.157	0.147	0.093	0.092	0.086	0.156	0.097	0.107	0.157	0.163	0.098	0.094	0.093	0.175	0.104	0.102	0.169	0.089	0.1	0.093	0.094	0.178	0.094	0.107	0.171	0.089	0.119	0.094	0.093	0.163	0.097	0.101	0.162	0.089	0.092
21600s	36.6 ¡C	0.09	0.086	0.103	0.087	0.087	0.089	0.086	0.085	0.089	0.088	0.093	0.085	0.088	0.086	0.089	0.088	0.091	0.088	0.088	0.089	0.09	0.088	0.09	0.095	0.088	0.088	0.086	0.088	0.088	0.086	0.088	0.092	0.088	0.093	0.091	0.091	0.094	0.088	0.094	0.088	0.086	0.088	0.089	0.086	0.085	0.089	0.09	0.088	0.091	0.088	0.154	0.09	0.098	0.15	0.145	0.092	0.091	0.086	0.154	0.092	0.1	0.157	0.147	0.093	0.092	0.086	0.156	0.097	0.107	0.157	0.162	0.098	0.094	0.093	0.175	0.104	0.102	0.168	0.089	0.1	0.093	0.094	0.178	0.094	0.105	0.171	0.09	0.118	0.095	0.094	0.163	0.097	0.102	0.162	0.089	0.092
22500s	36.7 ¡C	0.09	0.086	0.102	0.087	0.087	0.089	0.086	0.085	0.089	0.088	0.093	0.085	0.087	0.086	0.089	0.088	0.091	0.088	0.088	0.09	0.09	0.088	0.09	0.095	0.088	0.088	0.086	0.088	0.088	0.086	0.088	0.092	0.088	0.093	0.091	0.091	0.094	0.088	0.094	0.088	0.086	0.088	0.089	0.086	0.085	0.089	0.09	0.088	0.09	0.088	0.154	0.09	0.098	0.15	0.145	0.092	0.091	0.086	0.154	0.092	0.1	0.157	0.147	0.093	0.092	0.086	0.155	0.097	0.107	0.157	0.163	0.098	0.094	0.093	0.175	0.104	0.102	0.168	0.089	0.1	0.093	0.094	0.179	0.094	0.105	0.17	0.089	0.118	0.095	0.094	0.162	0.097	0.102	0.162	0.089	0.092
23401s	36.8 ¡C	0.09	0.086	0.104	0.088	0.087	0.089	0.086	0.085	0.089	0.088	0.093	0.085	0.088	0.086	0.089	0.088	0.091	0.088	0.088	0.09	0.09	0.088	0.09	0.095	0.088	0.088	0.086	0.089	0.088	0.086	0.088	0.092	0.088	0.093	0.091	0.091	0.094	0.088	0.093	0.088	0.086	0.088	0.089	0.086	0.085	0.089	0.09	0.088	0.091	0.088	0.154	0.09	0.098	0.149	0.144	0.092	0.091	0.086	0.153	0.092	0.101	0.157	0.147	0.093	0.092	0.086	0.155	0.097	0.107	0.157	0.162	0.098	0.094	0.093	0.174	0.104	0.102	0.168	0.09	0.1	0.093	0.094	0.178	0.094	0.106	0.17	0.089	0.118	0.095	0.094	0.161	0.097	0.101	0.161	0.089	0.092
24300s	36.8 ¡C	0.09	0.086	0.103	0.087	0.087	0.089	0.086	0.085	0.089	0.088	0.093	0.085	0.087	0.086	0.089	0.088	0.092	0.088	0.088	0.089	0.09	0.088	0.09	0.095	0.088	0.088	0.086	0.088	0.088	0.086	0.088	0.092	0.088	0.093	0.091	0.091	0.094	0.088	0.093	0.088	0.086	0.089	0.089	0.086	0.085	0.089	0.09	0.088	0.09	0.088	0.154	0.09	0.098	0.149	0.144	0.092	0.091	0.086	0.154	0.092	0.101	0.157	0.147	0.093	0.092	0.086	0.154	0.097	0.108	0.157	0.162	0.098	0.094	0.093	0.174	0.104	0.102	0.167	0.09	0.099	0.093	0.094	0.178	0.095	0.104	0.17	0.089	0.118	0.095	0.095	0.161	0.097	0.102	0.161	0.089	0.092
25200s	36.7 ¡C	0.09	0.086	0.103	0.088	0.088	0.089	0.086	0.085	0.089	0.088	0.093	0.085	0.087	0.086	0.09	0.088	0.091	0.088	0.088	0.09	0.09	0.088	0.091	0.095	0.088	0.088	0.086	0.089	0.088	0.086	0.088	0.092	0.088	0.093	0.091	0.091	0.094	0.088	0.093	0.088	0.086	0.089	0.089	0.086	0.085	0.089	0.09	0.088	0.09	0.088	0.154	0.09	0.098	0.149	0.144	0.092	0.091	0.086	0.154	0.093	0.1	0.157	0.146	0.093	0.092	0.086	0.154	0.097	0.108	0.157	0.162	0.098	0.094	0.093	0.173	0.104	0.102	0.167	0.09	0.1	0.094	0.094	0.178	0.094	0.105	0.169	0.089	0.118	0.095	0.095	0.16	0.097	0.102	0.161	0.089	0.092
26101s	36.9 ¡C	0.09	0.086	0.103	0.088	0.087	0.089	0.086	0.085	0.089	0.088	0.093	0.086	0.087	0.086	0.09	0.088	0.091	0.088	0.088	0.09	0.09	0.088	0.091	0.095	0.088	0.088	0.086	0.089	0.087	0.086	0.088	0.092	0.088	0.093	0.091	0.091	0.094	0.088	0.093	0.087	0.086	0.088	0.089	0.086	0.085	0.089	0.09	0.088	0.09	0.088	0.154	0.09	0.097	0.149	0.143	0.092	0.091	0.086	0.154	0.093	0.1	0.157	0.146	0.093	0.092	0.086	0.153	0.097	0.107	0.156	0.162	0.098	0.094	0.093	0.173	0.104	0.102	0.167	0.09	0.1	0.094	0.094	0.177	0.094	0.106	0.169	0.089	0.119	0.095	0.094	0.159	0.097	0.101	0.16	0.089	0.092
27000s	36.7 ¡C	0.09	0.086	0.103	0.088	0.087	0.089	0.086	0.085	0.089	0.088	0.093	0.085	0.087	0.086	0.09	0.088	0.091	0.088	0.088	0.089	0.09	0.088	0.091	0.095	0.088	0.088	0.086	0.088	0.088	0.086	0.088	0.092	0.088	0.093	0.091	0.091	0.094	0.088	0.093	0.087	0.086	0.088	0.089	0.085	0.085	0.089	0.091	0.088	0.091	0.088	0.153	0.09	0.097	0.149	0.143	0.092	0.091	0.086	0.154	0.093	0.1	0.157	0.146	0.093	0.092	0.086	0.153	0.097	0.107	0.156	0.162	0.098	0.094	0.093	0.173	0.104	0.102	0.166	0.09	0.099	0.094	0.094	0.177	0.095	0.107	0.169	0.089	0.118	0.095	0.095	0.159	0.098	0.101	0.16	0.09	0.092
27900s	36.9 ¡C	0.09	0.086	0.103	0.088	0.087	0.089	0.086	0.085	0.089	0.088	0.093	0.085	0.088	0.086	0.089	0.088	0.092	0.088	0.088	0.09	0.09	0.088	0.091	0.095	0.088	0.088	0.086	0.088	0.088	0.086	0.088	0.092	0.088	0.093	0.091	0.091	0.094	0.088	0.093	0.087	0.086	0.088	0.089	0.085	0.085	0.089	0.09	0.088	0.091	0.088	0.153	0.09	0.097	0.149	0.143	0.092	0.091	0.086	0.154	0.093	0.1	0.157	0.146	0.093	0.092	0.086	0.153	0.097	0.107	0.156	0.162	0.098	0.094	0.093	0.173	0.104	0.102	0.166	0.09	0.099	0.094	0.094	0.177	0.095	0.105	0.168	0.09	0.118	0.096	0.095	0.159	0.098	0.101	0.159	0.089	0.092
28801s	36.7 ¡C	0.09	0.086	0.103	0.088	0.087	0.089	0.086	0.085	0.089	0.088	0.093	0.085	0.087	0.086	0.089	0.088	0.092	0.088	0.088	0.09	0.09	0.088	0.091	0.095	0.088	0.088	0.086	0.088	0.087	0.086	0.088	0.092	0.088	0.093	0.091	0.091	0.094	0.088	0.093	0.09	0.086	0.088	0.089	0.086	0.085	0.089	0.09	0.088	0.092	0.088	0.153	0.09	0.097	0.149	0.143	0.092	0.091	0.086	0.154	0.093	0.101	0.157	0.146	0.093	0.093	0.086	0.152	0.098	0.107	0.156	0.161	0.098	0.094	0.093	0.172	0.104	0.102	0.166	0.09	0.099	0.094	0.094	0.176	0.095	0.105	0.168	0.09	0.118	0.096	0.096	0.158	0.098	0.101	0.159	0.089	0.092
29700s	36.8 ¡C	0.091	0.086	0.103	0.088	0.087	0.089	0.086	0.085	0.089	0.088	0.093	0.085	0.087	0.086	0.089	0.088	0.092	0.088	0.088	0.089	0.09	0.088	0.091	0.095	0.088	0.088	0.086	0.088	0.088	0.086	0.088	0.092	0.088	0.093	0.091	0.091	0.094	0.088	0.093	0.09	0.087	0.089	0.089	0.086	0.086	0.089	0.09	0.088	0.091	0.088	0.154	0.09	0.097	0.148	0.143	0.092	0.091	0.086	0.154	0.093	0.1	0.157	0.146	0.093	0.093	0.086	0.152	0.097	0.107	0.156	0.161	0.098	0.094	0.093	0.172	0.104	0.102	0.166	0.091	0.099	0.094	0.094	0.176	0.095	0.105	0.168	0.09	0.118	0.096	0.096	0.157	0.098	0.101	0.159	0.09	0.092
30600s	36.6 ¡C	0.091	0.086	0.103	0.088	0.087	0.089	0.086	0.085	0.09	0.088	0.093	0.085	0.087	0.086	0.089	0.088	0.092	0.088	0.088	0.089	0.09	0.088	0.091	0.095	0.089	0.088	0.086	0.088	0.088	0.086	0.088	0.092	0.088	0.093	0.091	0.091	0.094	0.088	0.093	0.09	0.087	0.088	0.089	0.085	0.086	0.089	0.09	0.088	0.09	0.088	0.154	0.09	0.097	0.148	0.143	0.092	0.091	0.086	0.154	0.093	0.1	0.157	0.146	0.093	0.093	0.086	0.152	0.097	0.106	0.156	0.161	0.097	0.094	0.093	0.172	0.104	0.103	0.165	0.091	0.099	0.095	0.094	0.176	0.095	0.106	0.168	0.09	0.118	0.096	0.096	0.157	0.098	0.101	0.159	0.09	0.092
31501s	36.7 ¡C	0.091	0.086	0.103	0.088	0.087	0.089	0.086	0.085	0.089	0.088	0.093	0.085	0.088	0.086	0.089	0.088	0.092	0.088	0.088	0.09	0.091	0.088	0.091	0.095	0.089	0.088	0.087	0.088	0.088	0.086	0.088	0.092	0.089	0.093	0.091	0.091	0.094	0.088	0.093	0.09	0.086	0.088	0.089	0.085	0.086	0.089	0.09	0.088	0.092	0.088	0.153	0.09	0.097	0.148	0.143	0.092	0.091	0.086	0.154	0.093	0.1	0.156	0.146	0.093	0.093	0.086	0.152	0.097	0.106	0.156	0.161	0.097	0.094	0.093	0.172	0.104	0.103	0.165	0.091	0.099	0.094	0.094	0.176	0.095	0.106	0.168	0.09	0.118	0.096	0.096	0.157	0.098	0.101	0.159	0.09	0.092
32400s	36.8 ¡C	0.09	0.086	0.102	0.088	0.087	0.089	0.086	0.085	0.089	0.088	0.093	0.085	0.087	0.086	0.089	0.088	0.092	0.088	0.088	0.09	0.09	0.088	0.091	0.095	0.089	0.088	0.086	0.088	0.087	0.086	0.088	0.092	0.089	0.093	0.091	0.091	0.094	0.088	0.093	0.09	0.087	0.088	0.089	0.085	0.086	0.089	0.09	0.088	0.092	0.088	0.153	0.09	0.097	0.148	0.142	0.092	0.091	0.086	0.153	0.093	0.1	0.156	0.146	0.093	0.093	0.086	0.151	0.097	0.107	0.156	0.161	0.097	0.094	0.093	0.171	0.104	0.103	0.165	0.091	0.099	0.095	0.094	0.175	0.095	0.105	0.167	0.09	0.118	0.096	0.096	0.156	0.098	0.101	0.158	0.09	0.092
33300s	36.8 ¡C	0.091	0.086	0.103	0.088	0.087	0.089	0.086	0.085	0.09	0.088	0.093	0.085	0.088	0.086	0.089	0.088	0.092	0.088	0.088	0.089	0.091	0.088	0.092	0.095	0.089	0.088	0.086	0.088	0.087	0.086	0.088	0.092	0.089	0.093	0.091	0.091	0.093	0.088	0.093	0.09	0.087	0.089	0.089	0.085	0.086	0.089	0.09	0.088	0.092	0.088	0.153	0.09	0.097	0.147	0.143	0.092	0.091	0.086	0.154	0.093	0.1	0.156	0.146	0.093	0.093	0.086	0.151	0.097	0.106	0.156	0.161	0.097	0.094	0.093	0.171	0.104	0.103	0.165	0.092	0.099	0.094	0.094	0.175	0.095	0.106	0.167	0.091	0.118	0.097	0.096	0.156	0.098	0.101	0.158	0.09	0.092
34201s	36.8 ¡C	0.091	0.086	0.103	0.088	0.088	0.089	0.086	0.085	0.09	0.088	0.093	0.085	0.087	0.086	0.089	0.088	0.092	0.088	0.088	0.089	0.091	0.088	0.092	0.095	0.089	0.088	0.086	0.088	0.089	0.086	0.088	0.092	0.089	0.093	0.091	0.091	0.093	0.088	0.093	0.09	0.087	0.088	0.089	0.085	0.086	0.089	0.09	0.088	0.092	0.087	0.153	0.09	0.097	0.147	0.142	0.092	0.091	0.086	0.153	0.093	0.1	0.156	0.145	0.093	0.093	0.087	0.151	0.097	0.106	0.156	0.161	0.097	0.094	0.093	0.171	0.104	0.103	0.164	0.092	0.099	0.095	0.094	0.175	0.095	0.106	0.167	0.091	0.118	0.097	0.096	0.155	0.099	0.101	0.158	0.09	0.092
35100s	36.6 ¡C	0.091	0.086	0.103	0.088	0.088	0.088	0.086	0.085	0.09	0.088	0.093	0.086	0.088	0.086	0.089	0.088	0.093	0.088	0.088	0.09	0.092	0.088	0.092	0.095	0.089	0.088	0.087	0.088	0.088	0.086	0.088	0.092	0.089	0.093	0.091	0.091	0.093	0.088	0.093	0.09	0.087	0.089	0.089	0.085	0.087	0.089	0.09	0.088	0.092	0.087	0.152	0.09	0.096	0.147	0.142	0.092	0.091	0.086	0.154	0.093	0.101	0.156	0.146	0.093	0.093	0.087	0.151	0.098	0.107	0.155	0.161	0.097	0.094	0.093	0.171	0.104	0.103	0.164	0.092	0.099	0.095	0.094	0.175	0.095	0.105	0.167	0.091	0.118	0.097	0.096	0.155	0.099	0.102	0.158	0.09	0.092
36000s	36.6 ¡C	0.091	0.086	0.104	0.088	0.088	0.089	0.086	0.085	0.09	0.088	0.093	0.086	0.088	0.086	0.089	0.088	0.093	0.088	0.089	0.09	0.092	0.088	0.092	0.095	0.09	0.088	0.087	0.089	0.087	0.086	0.088	0.092	0.089	0.093	0.091	0.092	0.093	0.088	0.093	0.09	0.087	0.089	0.089	0.086	0.086	0.089	0.09	0.088	0.092	0.088	0.152	0.09	0.096	0.146	0.142	0.092	0.091	0.087	0.154	0.094	0.1	0.155	0.146	0.093	0.093	0.087	0.15	0.098	0.106	0.155	0.161	0.097	0.094	0.093	0.17	0.104	0.103	0.164	0.092	0.099	0.095	0.094	0.174	0.095	0.105	0.166	0.092	0.118	0.097	0.097	0.155	0.098	0.101	0.158	0.09	0.092
36901s	36.8 ¡C	0.091	0.086	0.104	0.088	0.087	0.089	0.086	0.085	0.09	0.088	0.093	0.086	0.088	0.087	0.089	0.088	0.093	0.088	0.088	0.089	0.092	0.088	0.092	0.095	0.09	0.088	0.087	0.088	0.087	0.086	0.088	0.092	0.089	0.094	0.091	0.091	0.093	0.088	0.093	0.09	0.087	0.089	0.089	0.085	0.086	0.089	0.09	0.088	0.092	0.087	0.152	0.091	0.096	0.146	0.142	0.092	0.091	0.087	0.153	0.093	0.1	0.155	0.145	0.093	0.093	0.087	0.15	0.097	0.106	0.155	0.16	0.097	0.094	0.093	0.17	0.104	0.103	0.164	0.092	0.099	0.095	0.094	0.174	0.095	0.106	0.166	0.091	0.118	0.097	0.096	0.154	0.098	0.101	0.158	0.09	0.092
37800s	36.8 ¡C	0.091	0.086	0.105	0.087	0.088	0.089	0.086	0.085	0.09	0.089	0.093	0.086	0.088	0.087	0.089	0.088	0.093	0.088	0.088	0.09	0.092	0.089	0.092	0.095	0.09	0.088	0.087	0.089	0.089	0.086	0.088	0.092	0.089	0.094	0.092	0.092	0.093	0.088	0.093	0.09	0.087	0.089	0.089	0.085	0.087	0.089	0.09	0.088	0.092	0.087	0.152	0.091	0.096	0.146	0.142	0.092	0.091	0.087	0.153	0.093	0.1	0.155	0.145	0.093	0.093	0.087	0.15	0.097	0.106	0.155	0.16	0.097	0.094	0.094	0.17	0.104	0.103	0.163	0.092	0.099	0.095	0.094	0.174	0.096	0.106	0.166	0.092	0.118	0.097	0.096	0.154	0.099	0.101	0.157	0.09	0.092
38700s	36.9 ¡C	0.091	0.086	0.105	0.088	0.087	0.089	0.086	0.085	0.09	0.089	0.093	0.086	0.088	0.087	0.089	0.088	0.093	0.088	0.088	0.09	0.092	0.089	0.092	0.095	0.09	0.088	0.087	0.089	0.087	0.086	0.088	0.092	0.089	0.094	0.092	0.092	0.093	0.088	0.093	0.09	0.087	0.089	0.089	0.085	0.086	0.089	0.09	0.088	0.093	0.087	0.152	0.09	0.096	0.146	0.142	0.092	0.091	0.087	0.153	0.093	0.1	0.155	0.145	0.093	0.093	0.087	0.15	0.097	0.106	0.154	0.16	0.097	0.094	0.093	0.17	0.104	0.103	0.163	0.092	0.099	0.094	0.094	0.174	0.096	0.106	0.166	0.092	0.118	0.097	0.097	0.154	0.099	0.101	0.157	0.09	0.092
39601s	36.8 ¡C	0.091	0.086	0.105	0.088	0.088	0.089	0.086	0.085	0.09	0.089	0.093	0.087	0.089	0.088	0.089	0.088	0.093	0.088	0.089	0.09	0.092	0.089	0.092	0.095	0.09	0.088	0.088	0.089	0.087	0.086	0.088	0.092	0.089	0.093	0.092	0.092	0.092	0.088	0.093	0.09	0.087	0.089	0.089	0.085	0.087	0.089	0.09	0.088	0.093	0.087	0.152	0.091	0.096	0.146	0.142	0.092	0.091	0.087	0.153	0.093	0.101	0.155	0.145	0.093	0.093	0.088	0.15	0.098	0.106	0.154	0.16	0.097	0.094	0.094	0.17	0.104	0.103	0.163	0.092	0.099	0.094	0.094	0.174	0.096	0.105	0.166	0.093	0.118	0.097	0.097	0.153	0.099	0.101	0.157	0.09	0.092
40500s	36.8 ¡C	0.091	0.086	0.105	0.087	0.088	0.089	0.086	0.085	0.09	0.09	0.093	0.087	0.089	0.088	0.089	0.088	0.093	0.089	0.089	0.091	0.092	0.089	0.092	0.095	0.09	0.088	0.088	0.089	0.088	0.086	0.088	0.092	0.089	0.094	0.092	0.092	0.092	0.088	0.093	0.09	0.088	0.09	0.089	0.085	0.087	0.089	0.09	0.088	0.095	0.087	0.152	0.091	0.095	0.146	0.142	0.092	0.091	0.087	0.153	0.093	0.1	0.155	0.145	0.093	0.093	0.088	0.15	0.097	0.106	0.154	0.16	0.097	0.095	0.094	0.169	0.104	0.103	0.163	0.092	0.099	0.095	0.094	0.174	0.096	0.104	0.166	0.093	0.117	0.097	0.097	0.153	0.099	0.101	0.157	0.09	0.092
41400s	36.7 ¡C	0.091	0.086	0.105	0.087	0.088	0.089	0.086	0.085	0.09	0.09	0.093	0.088	0.088	0.088	0.089	0.088	0.093	0.089	0.088	0.091	0.092	0.09	0.092	0.095	0.09	0.088	0.088	0.089	0.088	0.086	0.088	0.092	0.089	0.094	0.092	0.093	0.092	0.088	0.093	0.09	0.088	0.09	0.088	0.085	0.087	0.089	0.09	0.088	0.093	0.087	0.152	0.091	0.095	0.145	0.142	0.092	0.091	0.087	0.153	0.093	0.1	0.154	0.145	0.093	0.093	0.088	0.15	0.098	0.105	0.154	0.16	0.097	0.095	0.094	0.169	0.104	0.103	0.163	0.093	0.099	0.095	0.094	0.174	0.096	0.106	0.165	0.093	0.117	0.097	0.097	0.153	0.099	0.101	0.157	0.09	0.092
42301s	36.7 ¡C	0.091	0.086	0.105	0.087	0.088	0.089	0.086	0.085	0.09	0.09	0.093	0.088	0.089	0.088	0.089	0.088	0.093	0.089	0.088	0.091	0.092	0.09	0.093	0.095	0.091	0.088	0.089	0.089	0.088	0.086	0.088	0.092	0.089	0.094	0.092	0.093	0.092	0.088	0.093	0.09	0.088	0.09	0.089	0.085	0.087	0.089	0.09	0.088	0.094	0.087	0.152	0.091	0.095	0.145	0.142	0.092	0.091	0.088	0.153	0.093	0.1	0.154	0.145	0.093	0.093	0.088	0.151	0.098	0.105	0.154	0.16	0.097	0.095	0.094	0.169	0.104	0.103	0.163	0.093	0.099	0.095	0.094	0.173	0.096	0.106	0.165	0.093	0.118	0.097	0.097	0.152	0.099	0.101	0.157	0.09	0.092
43200s	36.7 ¡C	0.091	0.086	0.105	0.086	0.088	0.088	0.086	0.085	0.09	0.09	0.093	0.087	0.089	0.088	0.089	0.088	0.093	0.089	0.089	0.09	0.092	0.09	0.093	0.095	0.091	0.088	0.088	0.089	0.087	0.086	0.087	0.092	0.089	0.094	0.092	0.092	0.091	0.088	0.092	0.09	0.088	0.09	0.089	0.085	0.087	0.089	0.09	0.088	0.095	0.087	0.152	0.092	0.095	0.145	0.142	0.092	0.091	0.088	0.153	0.093	0.1	0.154	0.145	0.093	0.093	0.088	0.15	0.097	0.106	0.154	0.16	0.097	0.095	0.094	0.169	0.104	0.103	0.163	0.093	0.099	0.095	0.094	0.173	0.096	0.106	0.165	0.093	0.118	0.097	0.097	0.152	0.099	0.101	0.156	0.09	0.092
44100s	36.8 ¡C	0.091	0.086	0.105	0.087	0.088	0.089	0.086	0.085	0.09	0.091	0.094	0.088	0.09	0.089	0.089	0.088	0.093	0.089	0.089	0.091	0.092	0.09	0.092	0.095	0.091	0.088	0.089	0.089	0.088	0.087	0.088	0.092	0.089	0.094	0.092	0.092	0.091	0.088	0.093	0.09	0.088	0.089	0.089	0.085	0.087	0.089	0.09	0.088	0.094	0.087	0.152	0.092	0.095	0.145	0.142	0.092	0.091	0.088	0.153	0.093	0.1	0.154	0.145	0.093	0.093	0.088	0.151	0.097	0.106	0.153	0.16	0.097	0.095	0.094	0.169	0.104	0.103	0.163	0.093	0.099	0.095	0.094	0.173	0.096	0.104	0.165	0.093	0.118	0.097	0.097	0.152	0.099	0.101	0.156	0.09	0.092
45001s	36.8 ¡C	0.091	0.086	0.105	0.087	0.088	0.089	0.086	0.085	0.09	0.091	0.094	0.088	0.09	0.089	0.089	0.088	0.093	0.089	0.089	0.091	0.092	0.09	0.092	0.095	0.091	0.088	0.089	0.089	0.089	0.087	0.088	0.092	0.089	0.094	0.092	0.092	0.091	0.088	0.093	0.09	0.088	0.09	0.089	0.085	0.087	0.089	0.09	0.088	0.093	0.087	0.152	0.092	0.095	0.145	0.142	0.092	0.091	0.088	0.153	0.093	0.1	0.154	0.145	0.093	0.093	0.089	0.15	0.097	0.105	0.153	0.159	0.097	0.095	0.094	0.169	0.104	0.103	0.162	0.093	0.099	0.095	0.094	0.173	0.096	0.104	0.165	0.093	0.118	0.097	0.097	0.152	0.099	0.101	0.156	0.09	0.092
45900s	36.8 ¡C	0.091	0.086	0.105	0.086	0.088	0.089	0.086	0.085	0.091	0.091	0.094	0.088	0.09	0.089	0.089	0.088	0.093	0.089	0.089	0.091	0.092	0.09	0.092	0.095	0.091	0.088	0.089	0.089	0.089	0.087	0.087	0.092	0.089	0.094	0.092	0.092	0.091	0.088	0.093	0.09	0.088	0.09	0.089	0.085	0.087	0.089	0.09	0.088	0.095	0.087	0.152	0.092	0.095	0.145	0.142	0.092	0.091	0.088	0.153	0.093	0.1	0.154	0.145	0.093	0.093	0.089	0.151	0.097	0.105	0.153	0.16	0.097	0.095	0.095	0.169	0.104	0.103	0.163	0.093	0.099	0.095	0.094	0.173	0.096	0.105	0.165	0.093	0.118	0.097	0.097	0.152	0.099	0.101	0.156	0.09	0.092
46800s	36.7 ¡C	0.091	0.086	0.105	0.086	0.087	0.089	0.086	0.085	0.09	0.091	0.095	0.088	0.09	0.089	0.089	0.088	0.093	0.09	0.089	0.091	0.093	0.09	0.093	0.095	0.091	0.088	0.089	0.089	0.089	0.087	0.088	0.092	0.089	0.094	0.092	0.092	0.091	0.088	0.092	0.09	0.088	0.09	0.089	0.085	0.087	0.089	0.09	0.088	0.094	0.087	0.152	0.092	0.095	0.145	0.142	0.092	0.091	0.088	0.153	0.093	0.1	0.154	0.145	0.093	0.093	0.089	0.151	0.097	0.105	0.153	0.159	0.097	0.095	0.095	0.169	0.104	0.103	0.162	0.093	0.099	0.095	0.094	0.173	0.096	0.106	0.165	0.093	0.117	0.097	0.097	0.152	0.099	0.101	0.156	0.09	0.092
47701s	36.5 ¡C	0.091	0.086	0.105	0.087	0.087	0.089	0.086	0.085	0.091	0.092	0.096	0.089	0.091	0.089	0.089	0.088	0.093	0.09	0.089	0.092	0.093	0.09	0.092	0.095	0.091	0.088	0.09	0.089	0.09	0.087	0.088	0.092	0.09	0.094	0.092	0.092	0.091	0.088	0.093	0.09	0.089	0.09	0.089	0.085	0.087	0.089	0.09	0.088	0.093	0.087	0.152	0.092	0.095	0.145	0.142	0.092	0.091	0.088	0.153	0.093	0.1	0.154	0.145	0.093	0.093	0.089	0.151	0.097	0.105	0.153	0.159	0.097	0.095	0.095	0.169	0.104	0.103	0.162	0.093	0.099	0.095	0.094	0.173	0.096	0.105	0.165	0.094	0.118	0.097	0.097	0.151	0.099	0.101	0.156	0.09	0.092
48600s	37.0 ¡C	0.091	0.085	0.105	0.086	0.087	0.089	0.086	0.085	0.09	0.092	0.095	0.089	0.09	0.089	0.089	0.088	0.093	0.09	0.089	0.092	0.093	0.091	0.092	0.094	0.091	0.088	0.089	0.089	0.089	0.087	0.087	0.092	0.089	0.094	0.092	0.092	0.09	0.088	0.093	0.09	0.088	0.09	0.089	0.085	0.086	0.088	0.09	0.088	0.094	0.087	0.151	0.092	0.095	0.145	0.142	0.092	0.091	0.088	0.152	0.093	0.1	0.154	0.145	0.093	0.093	0.089	0.151	0.097	0.105	0.153	0.159	0.097	0.095	0.095	0.169	0.104	0.103	0.162	0.093	0.099	0.095	0.094	0.172	0.095	0.104	0.165	0.093	0.118	0.097	0.097	0.151	0.099	0.101	0.156	0.09	0.092
49500s	36.7 ¡C	0.091	0.086	0.105	0.086	0.087	0.089	0.086	0.085	0.09	0.092	0.095	0.089	0.091	0.089	0.089	0.088	0.093	0.09	0.089	0.092	0.093	0.09	0.092	0.095	0.091	0.088	0.089	0.089	0.09	0.087	0.087	0.092	0.09	0.094	0.092	0.092	0.091	0.088	0.093	0.09	0.089	0.09	0.089	0.085	0.086	0.088	0.09	0.088	0.094	0.087	0.151	0.092	0.095	0.145	0.142	0.092	0.091	0.088	0.152	0.093	0.1	0.153	0.145	0.093	0.093	0.089	0.151	0.097	0.105	0.153	0.159	0.097	0.095	0.095	0.169	0.104	0.103	0.162	0.093	0.099	0.096	0.094	0.172	0.096	0.105	0.165	0.094	0.118	0.097	0.097	0.151	0.099	0.101	0.156	0.09	0.092
50401s	36.7 ¡C	0.091	0.085	0.105	0.085	0.088	0.089	0.087	0.085	0.09	0.092	0.096	0.089	0.09	0.089	0.089	0.088	0.093	0.091	0.089	0.091	0.093	0.091	0.092	0.095	0.091	0.088	0.09	0.089	0.091	0.087	0.087	0.092	0.09	0.094	0.092	0.092	0.09	0.088	0.093	0.09	0.089	0.09	0.089	0.085	0.086	0.088	0.09	0.088	0.094	0.087	0.151	0.093	0.095	0.145	0.142	0.092	0.091	0.088	0.152	0.093	0.1	0.154	0.145	0.093	0.093	0.089	0.151	0.097	0.105	0.153	0.159	0.097	0.095	0.095	0.169	0.104	0.103	0.162	0.093	0.099	0.096	0.094	0.172	0.096	0.105	0.164	0.094	0.117	0.096	0.097	0.151	0.099	0.101	0.155	0.09	0.092
51300s	36.9 ¡C	0.091	0.086	0.104	0.086	0.087	0.089	0.086	0.085	0.09	0.091	0.095	0.089	0.091	0.089	0.089	0.088	0.093	0.091	0.089	0.091	0.093	0.091	0.092	0.095	0.091	0.088	0.09	0.089	0.09	0.087	0.087	0.092	0.09	0.094	0.092	0.092	0.09	0.088	0.093	0.09	0.089	0.09	0.089	0.085	0.086	0.089	0.09	0.088	0.093	0.087	0.151	0.093	0.094	0.145	0.142	0.092	0.091	0.088	0.152	0.093	0.1	0.153	0.145	0.093	0.093	0.089	0.151	0.097	0.105	0.153	0.159	0.097	0.095	0.095	0.168	0.104	0.103	0.162	0.093	0.099	0.096	0.094	0.172	0.096	0.104	0.164	0.094	0.118	0.096	0.097	0.151	0.099	0.101	0.156	0.09	0.092
52200s	36.8 ¡C	0.091	0.086	0.105	0.086	0.087	0.089	0.086	0.085	0.09	0.092	0.096	0.089	0.09	0.089	0.089	0.088	0.093	0.091	0.089	0.092	0.093	0.091	0.092	0.095	0.091	0.088	0.09	0.089	0.091	0.087	0.087	0.092	0.09	0.094	0.093	0.092	0.09	0.088	0.093	0.09	0.089	0.09	0.089	0.085	0.086	0.088	0.09	0.088	0.095	0.087	0.151	0.093	0.095	0.145	0.142	0.092	0.091	0.088	0.152	0.093	0.1	0.153	0.145	0.093	0.093	0.089	0.151	0.097	0.105	0.153	0.159	0.097	0.095	0.095	0.168	0.104	0.103	0.162	0.093	0.099	0.096	0.094	0.172	0.096	0.104	0.164	0.094	0.117	0.096	0.097	0.15	0.099	0.101	0.155	0.09	0.092
53101s	36.8 ¡C	0.091	0.086	0.104	0.086	0.088	0.089	0.086	0.085	0.09	0.092	0.096	0.089	0.091	0.089	0.089	0.088	0.093	0.091	0.089	0.092	0.093	0.091	0.092	0.095	0.09	0.088	0.09	0.089	0.09	0.087	0.087	0.092	0.091	0.094	0.092	0.092	0.09	0.088	0.093	0.09	0.089	0.09	0.089	0.085	0.086	0.088	0.09	0.088	0.093	0.087	0.151	0.093	0.095	0.144	0.142	0.092	0.091	0.088	0.152	0.092	0.1	0.153	0.144	0.093	0.092	0.089	0.151	0.096	0.105	0.153	0.159	0.097	0.095	0.095	0.168	0.104	0.103	0.162	0.093	0.099	0.096	0.094	0.172	0.096	0.105	0.164	0.094	0.117	0.095	0.097	0.15	0.099	0.101	0.155	0.09	0.092
54000s	36.6 ¡C	0.091	0.086	0.105	0.086	0.087	0.089	0.086	0.085	0.09	0.092	0.096	0.089	0.091	0.089	0.089	0.088	0.093	0.091	0.09	0.092	0.092	0.091	0.092	0.095	0.09	0.088	0.09	0.089	0.09	0.087	0.087	0.092	0.091	0.094	0.093	0.092	0.091	0.088	0.093	0.09	0.089	0.09	0.089	0.085	0.086	0.088	0.09	0.088	0.094	0.087	0.151	0.093	0.094	0.144	0.142	0.092	0.092	0.088	0.152	0.092	0.1	0.153	0.144	0.093	0.092	0.089	0.151	0.096	0.104	0.153	0.159	0.097	0.095	0.095	0.169	0.104	0.103	0.161	0.093	0.099	0.096	0.094	0.172	0.096	0.104	0.164	0.094	0.117	0.095	0.097	0.151	0.099	0.101	0.156	0.09	0.092
54900s	36.8 ¡C	0.092	0.085	0.105	0.086	0.088	0.089	0.087	0.085	0.09	0.092	0.095	0.089	0.091	0.089	0.089	0.088	0.093	0.091	0.09	0.092	0.093	0.091	0.092	0.094	0.09	0.088	0.09	0.089	0.091	0.087	0.087	0.092	0.091	0.093	0.092	0.092	0.09	0.088	0.093	0.09	0.089	0.09	0.089	0.085	0.086	0.088	0.09	0.088	0.092	0.087	0.151	0.093	0.094	0.144	0.142	0.092	0.092	0.088	0.151	0.092	0.1	0.153	0.144	0.093	0.092	0.088	0.151	0.096	0.104	0.153	0.159	0.097	0.095	0.094	0.168	0.104	0.103	0.162	0.093	0.099	0.096	0.094	0.172	0.096	0.104	0.164	0.094	0.118	0.096	0.097	0.15	0.099	0.101	0.155	0.09	0.092
55801s	36.8 ¡C	0.092	0.085	0.104	0.086	0.087	0.089	0.086	0.085	0.09	0.092	0.095	0.089	0.09	0.089	0.089	0.088	0.093	0.091	0.09	0.091	0.092	0.091	0.092	0.095	0.09	0.088	0.09	0.089	0.091	0.087	0.087	0.092	0.091	0.093	0.092	0.091	0.09	0.088	0.093	0.09	0.089	0.09	0.089	0.085	0.086	0.088	0.09	0.088	0.093	0.087	0.151	0.093	0.094	0.144	0.142	0.092	0.092	0.088	0.152	0.092	0.099	0.153	0.144	0.093	0.092	0.088	0.151	0.095	0.105	0.153	0.159	0.097	0.095	0.095	0.168	0.104	0.102	0.162	0.093	0.099	0.096	0.094	0.172	0.096	0.104	0.164	0.094	0.118	0.095	0.097	0.151	0.1	0.101	0.155	0.09	0.092
56700s	36.9 ¡C	0.091	0.086	0.103	0.086	0.087	0.089	0.087	0.085	0.09	0.092	0.096	0.089	0.09	0.09	0.089	0.088	0.092	0.091	0.09	0.092	0.092	0.091	0.092	0.095	0.089	0.088	0.09	0.089	0.091	0.087	0.087	0.092	0.091	0.094	0.092	0.091	0.091	0.088	0.093	0.09	0.089	0.091	0.089	0.085	0.086	0.089	0.09	0.088	0.094	0.087	0.151	0.093	0.094	0.144	0.142	0.092	0.092	0.088	0.152	0.092	0.099	0.153	0.144	0.093	0.091	0.088	0.151	0.096	0.104	0.152	0.159	0.097	0.095	0.095	0.168	0.104	0.101	0.162	0.093	0.099	0.096	0.094	0.172	0.096	0.105	0.164	0.094	0.117	0.095	0.097	0.151	0.1	0.101	0.155	0.09	0.092
57600s	36.9 ¡C	0.091	0.086	0.104	0.086	0.088	0.089	0.087	0.085	0.09	0.092	0.095	0.089	0.091	0.09	0.089	0.088	0.092	0.091	0.09	0.092	0.093	0.091	0.092	0.095	0.089	0.088	0.09	0.089	0.091	0.087	0.087	0.092	0.091	0.093	0.093	0.092	0.09	0.088	0.093	0.09	0.089	0.091	0.089	0.085	0.085	0.088	0.09	0.088	0.093	0.087	0.151	0.093	0.094	0.144	0.142	0.092	0.092	0.087	0.151	0.091	0.099	0.153	0.144	0.093	0.091	0.088	0.151	0.095	0.105	0.152	0.159	0.097	0.095	0.094	0.168	0.104	0.101	0.161	0.093	0.099	0.096	0.094	0.171	0.095	0.103	0.164	0.094	0.118	0.095	0.097	0.15	0.1	0.101	0.155	0.09	0.092
58501s	36.8 ¡C	0.092	0.086	0.104	0.086	0.088	0.089	0.087	0.085	0.09	0.092	0.096	0.089	0.09	0.09	0.089	0.088	0.092	0.091	0.09	0.091	0.092	0.091	0.092	0.095	0.089	0.088	0.09	0.089	0.09	0.087	0.087	0.092	0.091	0.094	0.093	0.091	0.09	0.088	0.093	0.09	0.089	0.091	0.089	0.085	0.085	0.089	0.09	0.088	0.093	0.087	0.151	0.093	0.094	0.144	0.142	0.092	0.092	0.087	0.151	0.091	0.099	0.153	0.144	0.093	0.091	0.087	0.151	0.094	0.105	0.153	0.159	0.097	0.095	0.094	0.168	0.103	0.101	0.161	0.093	0.099	0.096	0.094	0.171	0.095	0.102	0.164	0.094	0.117	0.095	0.097	0.151	0.1	0.101	0.155	0.09	0.092
59400s	36.8 ¡C	0.092	0.086	0.104	0.086	0.088	0.088	0.087	0.085	0.09	0.092	0.096	0.089	0.09	0.089	0.089	0.088	0.092	0.092	0.09	0.092	0.092	0.09	0.091	0.095	0.089	0.088	0.09	0.089	0.091	0.087	0.087	0.092	0.091	0.093	0.093	0.091	0.09	0.088	0.093	0.09	0.09	0.091	0.089	0.085	0.085	0.088	0.09	0.088	0.092	0.087	0.151	0.093	0.094	0.144	0.142	0.092	0.092	0.087	0.151	0.091	0.099	0.153	0.144	0.093	0.09	0.087	0.151	0.094	0.105	0.153	0.159	0.097	0.095	0.095	0.168	0.104	0.1	0.161	0.093	0.099	0.095	0.094	0.172	0.095	0.104	0.164	0.094	0.117	0.095	0.097	0.151	0.1	0.101	0.155	0.09	0.092
60300s	36.8 ¡C	0.092	0.086	0.103	0.086	0.088	0.089	0.087	0.085	0.089	0.092	0.095	0.089	0.089	0.089	0.089	0.088	0.092	0.091	0.09	0.092	0.091	0.09	0.091	0.094	0.089	0.088	0.09	0.089	0.091	0.087	0.087	0.092	0.091	0.093	0.093	0.092	0.09	0.088	0.093	0.09	0.089	0.091	0.09	0.085	0.085	0.089	0.09	0.088	0.093	0.087	0.151	0.093	0.094	0.144	0.142	0.092	0.092	0.087	0.15	0.09	0.099	0.153	0.144	0.093	0.09	0.087	0.151	0.094	0.104	0.152	0.159	0.097	0.095	0.094	0.168	0.103	0.1	0.161	0.093	0.099	0.095	0.094	0.171	0.095	0.104	0.164	0.094	0.118	0.095	0.097	0.151	0.1	0.101	0.155	0.09	0.092
61201s	37.0 ¡C	0.092	0.085	0.103	0.086	0.088	0.089	0.087	0.085	0.09	0.092	0.096	0.089	0.09	0.089	0.089	0.088	0.092	0.091	0.09	0.091	0.091	0.09	0.091	0.095	0.089	0.088	0.09	0.089	0.091	0.087	0.087	0.092	0.091	0.093	0.093	0.092	0.09	0.088	0.093	0.09	0.09	0.091	0.09	0.085	0.085	0.088	0.09	0.088	0.092	0.087	0.151	0.093	0.094	0.144	0.142	0.092	0.092	0.087	0.15	0.09	0.099	0.153	0.144	0.093	0.09	0.086	0.151	0.094	0.104	0.153	0.159	0.097	0.095	0.094	0.168	0.103	0.1	0.161	0.093	0.099	0.095	0.094	0.171	0.096	0.103	0.164	0.094	0.118	0.095	0.097	0.151	0.1	0.101	0.155	0.09	0.092
62100s	36.8 ¡C	0.092	0.086	0.102	0.085	0.089	0.089	0.088	0.085	0.089	0.092	0.096	0.089	0.09	0.089	0.089	0.088	0.092	0.092	0.09	0.091	0.091	0.09	0.091	0.095	0.089	0.088	0.09	0.089	0.091	0.087	0.088	0.092	0.092	0.093	0.093	0.091	0.09	0.088	0.093	0.09	0.09	0.091	0.09	0.085	0.085	0.088	0.09	0.088	0.091	0.087	0.151	0.093	0.094	0.145	0.142	0.092	0.092	0.087	0.149	0.09	0.099	0.153	0.144	0.093	0.09	0.086	0.151	0.094	0.104	0.152	0.159	0.097	0.095	0.094	0.168	0.103	0.1	0.161	0.093	0.099	0.094	0.094	0.171	0.096	0.103	0.163	0.094	0.117	0.095	0.097	0.151	0.1	0.101	0.155	0.09	0.092
63000s	36.7 ¡C	0.092	0.085	0.103	0.086	0.089	0.089	0.088	0.085	0.089	0.092	0.095	0.089	0.089	0.089	0.089	0.088	0.092	0.091	0.09	0.091	0.091	0.09	0.091	0.095	0.089	0.088	0.09	0.089	0.091	0.087	0.087	0.092	0.092	0.093	0.092	0.091	0.09	0.088	0.093	0.09	0.09	0.091	0.09	0.085	0.085	0.088	0.09	0.088	0.092	0.087	0.151	0.093	0.094	0.145	0.141	0.092	0.092	0.087	0.149	0.09	0.098	0.153	0.144	0.093	0.09	0.087	0.151	0.094	0.104	0.152	0.159	0.097	0.095	0.094	0.168	0.103	0.1	0.161	0.093	0.099	0.094	0.094	0.171	0.095	0.103	0.164	0.094	0.117	0.095	0.097	0.151	0.1	0.101	0.155	0.09	0.092
63901s	36.8 ¡C	0.092	0.086	0.103	0.086	0.089	0.089	0.088	0.085	0.089	0.092	0.095	0.089	0.09	0.089	0.089	0.088	0.092	0.091	0.09	0.091	0.09	0.09	0.09	0.095	0.089	0.088	0.09	0.089	0.092	0.087	0.087	0.092	0.092	0.093	0.092	0.092	0.09	0.088	0.093	0.09	0.09	0.091	0.09	0.085	0.085	0.088	0.09	0.088	0.092	0.087	0.151	0.093	0.094	0.144	0.141	0.092	0.092	0.087	0.149	0.09	0.098	0.153	0.144	0.093	0.09	0.086	0.151	0.094	0.105	0.152	0.159	0.097	0.095	0.094	0.168	0.103	0.1	0.161	0.093	0.099	0.094	0.094	0.171	0.095	0.103	0.164	0.094	0.117	0.095	0.097	0.151	0.1	0.101	0.155	0.09	0.092
64800s	36.8 ¡C	0.092	0.086	0.103	0.086	0.088	0.089	0.089	0.085	0.089	0.092	0.095	0.089	0.089	0.089	0.089	0.088	0.092	0.091	0.09	0.091	0.09	0.09	0.09	0.094	0.089	0.087	0.09	0.089	0.09	0.087	0.088	0.091	0.092	0.093	0.092	0.092	0.09	0.088	0.093	0.09	0.089	0.091	0.09	0.085	0.085	0.088	0.09	0.088	0.092	0.087	0.151	0.093	0.094	0.145	0.141	0.092	0.092	0.086	0.148	0.09	0.099	0.153	0.144	0.093	0.09	0.086	0.151	0.094	0.104	0.153	0.159	0.097	0.095	0.094	0.168	0.103	0.099	0.161	0.093	0.099	0.094	0.094	0.171	0.096	0.103	0.163	0.094	0.118	0.095	0.097	0.151	0.1	0.101	0.155	0.09	0.092
65700s	36.6 ¡C	0.092	0.086	0.102	0.086	0.088	0.089	0.088	0.085	0.089	0.092	0.094	0.088	0.089	0.088	0.089	0.088	0.092	0.092	0.09	0.091	0.09	0.089	0.09	0.095	0.088	0.087	0.089	0.089	0.091	0.087	0.087	0.092	0.092	0.093	0.093	0.092	0.09	0.088	0.093	0.09	0.089	0.091	0.09	0.085	0.085	0.088	0.09	0.088	0.092	0.087	0.151	0.093	0.094	0.144	0.141	0.092	0.092	0.086	0.148	0.09	0.099	0.153	0.144	0.093	0.09	0.086	0.151	0.093	0.104	0.152	0.159	0.097	0.095	0.094	0.168	0.103	0.099	0.161	0.092	0.099	0.093	0.094	0.171	0.096	0.103	0.164	0.094	0.117	0.095	0.097	0.151	0.1	0.101	0.155	0.09	0.092
66601s	36.9 ¡C	0.092	0.086	0.102	0.085	0.088	0.089	0.089	0.085	0.089	0.091	0.095	0.088	0.09	0.088	0.089	0.088	0.092	0.091	0.09	0.091	0.09	0.089	0.09	0.094	0.088	0.087	0.09	0.089	0.092	0.087	0.088	0.092	0.092	0.093	0.092	0.091	0.09	0.088	0.093	0.09	0.089	0.091	0.09	0.085	0.085	0.088	0.09	0.088	0.092	0.087	0.151	0.093	0.094	0.144	0.141	0.092	0.092	0.086	0.148	0.09	0.099	0.153	0.144	0.093	0.09	0.086	0.151	0.093	0.104	0.152	0.159	0.097	0.096	0.094	0.168	0.103	0.099	0.161	0.092	0.099	0.094	0.094	0.171	0.095	0.103	0.164	0.094	0.118	0.095	0.097	0.151	0.1	0.101	0.155	0.09	0.092
67500s	36.8 ¡C	0.092	0.086	0.102	0.085	0.088	0.088	0.088	0.085	0.089	0.092	0.095	0.088	0.089	0.088	0.089	0.088	0.092	0.092	0.09	0.091	0.089	0.089	0.09	0.095	0.088	0.087	0.089	0.089	0.09	0.087	0.088	0.092	0.092	0.093	0.092	0.092	0.09	0.087	0.093	0.09	0.089	0.091	0.09	0.085	0.084	0.088	0.09	0.088	0.091	0.087	0.151	0.093	0.094	0.144	0.141	0.092	0.092	0.086	0.148	0.09	0.098	0.153	0.143	0.093	0.09	0.087	0.151	0.093	0.104	0.152	0.159	0.097	0.096	0.094	0.168	0.103	0.099	0.161	0.092	0.099	0.093	0.094	0.171	0.095	0.102	0.163	0.094	0.117	0.095	0.097	0.151	0.1	0.101	0.155	0.09	0.092
68400s	36.7 ¡C	0.092	0.085	0.102	0.085	0.087	0.088	0.088	0.085	0.088	0.091	0.094	0.088	0.088	0.087	0.089	0.088	0.092	0.091	0.09	0.09	0.089	0.089	0.089	0.095	0.088	0.087	0.089	0.089	0.091	0.086	0.088	0.092	0.092	0.093	0.092	0.091	0.09	0.087	0.094	0.09	0.089	0.091	0.091	0.085	0.084	0.088	0.09	0.088	0.091	0.087	0.151	0.093	0.094	0.144	0.141	0.092	0.092	0.086	0.148	0.09	0.098	0.153	0.143	0.093	0.09	0.087	0.151	0.093	0.104	0.152	0.159	0.097	0.096	0.094	0.168	0.103	0.099	0.161	0.092	0.099	0.093	0.094	0.171	0.096	0.103	0.164	0.094	0.117	0.095	0.097	0.151	0.1	0.101	0.155	0.09	0.092
69301s	36.8 ¡C	0.093	0.085	0.101	0.086	0.088	0.088	0.089	0.085	0.089	0.091	0.094	0.088	0.088	0.087	0.089	0.088	0.092	0.091	0.09	0.09	0.089	0.089	0.09	0.095	0.088	0.087	0.089	0.089	0.091	0.087	0.088	0.092	0.092	0.093	0.092	0.091	0.09	0.087	0.093	0.09	0.089	0.091	0.091	0.085	0.084	0.088	0.09	0.088	0.092	0.087	0.15	0.093	0.094	0.144	0.141	0.092	0.092	0.086	0.148	0.09	0.098	0.153	0.143	0.093	0.09	0.086	0.151	0.093	0.104	0.152	0.159	0.097	0.096	0.094	0.168	0.103	0.099	0.161	0.092	0.099	0.093	0.094	0.171	0.095	0.101	0.164	0.094	0.117	0.095	0.096	0.151	0.1	0.101	0.155	0.09	0.092
70200s	37.1 ¡C	0.093	0.085	0.102	0.086	0.087	0.088	0.089	0.085	0.089	0.091	0.094	0.087	0.088	0.087	0.089	0.088	0.092	0.091	0.09	0.09	0.089	0.088	0.089	0.095	0.089	0.087	0.088	0.089	0.091	0.086	0.088	0.092	0.092	0.093	0.092	0.091	0.091	0.088	0.093	0.09	0.089	0.091	0.091	0.085	0.084	0.088	0.09	0.088	0.092	0.087	0.151	0.093	0.094	0.144	0.141	0.092	0.092	0.086	0.148	0.09	0.098	0.152	0.143	0.093	0.09	0.086	0.151	0.093	0.103	0.152	0.159	0.097	0.096	0.094	0.168	0.103	0.099	0.161	0.092	0.099	0.093	0.095	0.171	0.095	0.104	0.164	0.094	0.117	0.095	0.096	0.151	0.1	0.101	0.155	0.09	0.092
71100s	36.8 ¡C	0.093	0.085	0.101	0.085	0.087	0.088	0.089	0.085	0.088	0.091	0.094	0.087	0.088	0.087	0.089	0.088	0.092	0.091	0.09	0.09	0.089	0.088	0.09	0.095	0.088	0.087	0.088	0.089	0.091	0.086	0.088	0.092	0.092	0.093	0.092	0.091	0.09	0.087	0.093	0.09	0.089	0.091	0.091	0.085	0.084	0.088	0.09	0.088	0.092	0.087	0.15	0.093	0.094	0.144	0.141	0.092	0.092	0.086	0.148	0.09	0.098	0.152	0.143	0.093	0.09	0.087	0.15	0.094	0.104	0.152	0.159	0.097	0.096	0.094	0.168	0.103	0.099	0.161	0.092	0.099	0.093	0.094	0.171	0.095	0.102	0.164	0.093	0.117	0.095	0.096	0.15	0.1	0.101	0.155	0.09	0.092
72001s	37.0 ¡C	0.093	0.085	0.101	0.086	0.087	0.088	0.089	0.085	0.088	0.091	0.094	0.087	0.087	0.086	0.089	0.088	0.092	0.091	0.089	0.09	0.089	0.088	0.089	0.094	0.089	0.087	0.088	0.089	0.091	0.086	0.088	0.091	0.091	0.093	0.092	0.091	0.09	0.087	0.093	0.09	0.089	0.091	0.091	0.085	0.084	0.088	0.09	0.088	0.09	0.087	0.15	0.093	0.094	0.144	0.141	0.092	0.092	0.086	0.148	0.09	0.098	0.152	0.143	0.093	0.09	0.086	0.15	0.094	0.103	0.152	0.159	0.097	0.096	0.093	0.168	0.102	0.099	0.161	0.092	0.099	0.093	0.095	0.171	0.095	0.103	0.163	0.093	0.118	0.095	0.096	0.151	0.1	0.101	0.155	0.09	0.092
72900s	36.7 ¡C	0.093	0.085	0.101	0.086	0.087	0.088	0.089	0.085	0.088	0.09	0.093	0.087	0.087	0.086	0.09	0.088	0.091	0.091	0.089	0.09	0.089	0.088	0.089	0.094	0.088	0.086	0.088	0.089	0.091	0.086	0.089	0.091	0.092	0.093	0.092	0.091	0.09	0.087	0.094	0.09	0.089	0.091	0.091	0.085	0.084	0.088	0.09	0.088	0.091	0.087	0.15	0.093	0.094	0.144	0.141	0.092	0.092	0.086	0.148	0.09	0.098	0.152	0.143	0.093	0.09	0.086	0.15	0.094	0.103	0.152	0.159	0.097	0.097	0.093	0.168	0.102	0.098	0.161	0.092	0.099	0.093	0.095	0.171	0.095	0.103	0.163	0.093	0.117	0.095	0.095	0.15	0.1	0.101	0.155	0.09	0.092
73800s	36.7 ¡C	0.093	0.086	0.101	0.086	0.087	0.088	0.089	0.085	0.088	0.091	0.093	0.086	0.088	0.086	0.09	0.088	0.091	0.092	0.089	0.089	0.089	0.088	0.089	0.095	0.088	0.087	0.087	0.088	0.09	0.086	0.089	0.092	0.091	0.093	0.092	0.091	0.09	0.087	0.094	0.09	0.089	0.091	0.091	0.084	0.084	0.088	0.09	0.088	0.091	0.087	0.151	0.093	0.094	0.144	0.141	0.092	0.092	0.086	0.148	0.09	0.097	0.152	0.142	0.093	0.09	0.087	0.15	0.093	0.103	0.152	0.159	0.097	0.096	0.093	0.168	0.102	0.098	0.161	0.092	0.099	0.093	0.095	0.171	0.095	0.101	0.164	0.093	0.117	0.095	0.095	0.15	0.1	0.101	0.155	0.09	0.092
74701s	36.8 ¡C	0.093	0.085	0.1	0.086	0.087	0.088	0.089	0.085	0.088	0.09	0.093	0.086	0.087	0.086	0.09	0.088	0.091	0.091	0.089	0.089	0.089	0.088	0.089	0.095	0.088	0.086	0.087	0.088	0.09	0.086	0.089	0.092	0.091	0.093	0.092	0.091	0.09	0.087	0.094	0.09	0.089	0.091	0.091	0.084	0.084	0.088	0.09	0.088	0.091	0.087	0.151	0.093	0.094	0.144	0.141	0.092	0.092	0.086	0.148	0.09	0.097	0.152	0.142	0.093	0.089	0.086	0.15	0.093	0.103	0.152	0.159	0.097	0.097	0.093	0.168	0.102	0.098	0.161	0.091	0.099	0.093	0.095	0.171	0.095	0.102	0.163	0.093	0.117	0.095	0.094	0.15	0.1	0.101	0.155	0.09	0.092
75600s	36.9 ¡C	0.093	0.085	0.101	0.086	0.087	0.088	0.089	0.085	0.088	0.09	0.093	0.086	0.087	0.086	0.09	0.088	0.091	0.091	0.089	0.089	0.089	0.088	0.089	0.095	0.088	0.086	0.087	0.088	0.091	0.086	0.089	0.092	0.091	0.093	0.091	0.091	0.09	0.087	0.094	0.09	0.089	0.092	0.091	0.084	0.084	0.088	0.09	0.088	0.092	0.087	0.151	0.093	0.094	0.144	0.141	0.092	0.092	0.086	0.148	0.09	0.097	0.152	0.142	0.093	0.09	0.086	0.15	0.093	0.103	0.152	0.159	0.097	0.097	0.093	0.168	0.102	0.098	0.161	0.091	0.099	0.093	0.095	0.171	0.096	0.101	0.163	0.093	0.117	0.095	0.094	0.15	0.1	0.101	0.155	0.09	0.092
76500s	36.8 ¡C	0.093	0.086	0.101	0.085	0.087	0.088	0.089	0.085	0.088	0.09	0.093	0.085	0.087	0.086	0.09	0.088	0.091	0.091	0.089	0.089	0.089	0.087	0.089	0.095	0.088	0.086	0.087	0.088	0.089	0.086	0.089	0.092	0.091	0.092	0.091	0.09	0.09	0.087	0.094	0.09	0.089	0.092	0.091	0.084	0.084	0.088	0.09	0.088	0.091	0.087	0.151	0.093	0.094	0.144	0.141	0.092	0.092	0.086	0.148	0.09	0.097	0.152	0.142	0.093	0.089	0.086	0.15	0.093	0.103	0.152	0.159	0.097	0.097	0.093	0.168	0.102	0.098	0.161	0.091	0.099	0.093	0.095	0.171	0.096	0.101	0.164	0.093	0.117	0.095	0.094	0.15	0.1	0.101	0.155	0.09	0.092
77401s	36.8 ¡C	0.093	0.085	0.101	0.086	0.086	0.088	0.089	0.085	0.088	0.09	0.093	0.085	0.087	0.086	0.091	0.088	0.091	0.091	0.088	0.089	0.089	0.087	0.089	0.095	0.088	0.086	0.087	0.088	0.089	0.086	0.089	0.092	0.091	0.092	0.092	0.091	0.09	0.087	0.095	0.09	0.089	0.091	0.091	0.084	0.084	0.088	0.09	0.088	0.091	0.087	0.15	0.093	0.094	0.144	0.141	0.092	0.093	0.086	0.148	0.09	0.097	0.152	0.142	0.093	0.089	0.086	0.15	0.093	0.103	0.151	0.159	0.097	0.097	0.093	0.168	0.101	0.098	0.161	0.091	0.099	0.093	0.095	0.171	0.095	0.102	0.164	0.093	0.117	0.095	0.094	0.15	0.099	0.101	0.155	0.09	0.092
78300s	36.8 ¡C	0.093	0.085	0.102	0.086	0.087	0.088	0.089	0.085	0.088	0.09	0.093	0.085	0.087	0.086	0.091	0.088	0.091	0.091	0.089	0.089	0.089	0.087	0.089	0.094	0.088	0.086	0.087	0.088	0.089	0.086	0.089	0.091	0.091	0.092	0.092	0.091	0.09	0.087	0.094	0.09	0.089	0.091	0.092	0.085	0.084	0.088	0.09	0.088	0.091	0.087	0.151	0.093	0.094	0.144	0.141	0.092	0.093	0.086	0.148	0.09	0.097	0.152	0.142	0.093	0.089	0.086	0.15	0.093	0.103	0.151	0.159	0.097	0.097	0.093	0.168	0.101	0.098	0.161	0.091	0.099	0.093	0.095	0.171	0.095	0.102	0.164	0.093	0.118	0.095	0.094	0.15	0.099	0.101	0.155	0.09	0.092
79200s	36.9 ¡C	0.094	0.085	0.101	0.085	0.087	0.088	0.089	0.085	0.088	0.089	0.093	0.085	0.087	0.086	0.091	0.088	0.091	0.091	0.088	0.089	0.089	0.087	0.089	0.094	0.088	0.086	0.087	0.088	0.088	0.085	0.089	0.091	0.091	0.092	0.091	0.09	0.09	0.087	0.094	0.09	0.089	0.091	0.092	0.084	0.084	0.088	0.09	0.088	0.09	0.087	0.15	0.093	0.094	0.144	0.141	0.092	0.093	0.086	0.148	0.09	0.097	0.152	0.142	0.093	0.089	0.086	0.149	0.093	0.103	0.151	0.159	0.097	0.097	0.093	0.168	0.101	0.098	0.161	0.091	0.099	0.093	0.095	0.171	0.095	0.101	0.163	0.093	0.118	0.095	0.093	0.15	0.099	0.101	0.155	0.09	0.092
80098s	36.8 ¡C	0.094	0.086	0.1	0.085	0.087	0.088	0.089	0.085	0.088	0.089	0.093	0.085	0.087	0.086	0.091	0.088	0.091	0.091	0.088	0.089	0.089	0.087	0.089	0.095	0.088	0.086	0.087	0.088	0.089	0.085	0.09	0.092	0.09	0.092	0.091	0.09	0.09	0.087	0.095	0.09	0.089	0.09	0.092	0.084	0.084	0.088	0.09	0.088	0.091	0.087	0.15	0.093	0.094	0.144	0.141	0.092	0.093	0.086	0.148	0.09	0.096	0.152	0.141	0.093	0.089	0.086	0.149	0.093	0.103	0.151	0.159	0.097	0.098	0.093	0.168	0.101	0.098	0.161	0.091	0.099	0.093	0.095	0.171	0.095	0.1	0.163	0.092	0.117	0.095	0.094	0.149	0.099	0.101	0.155	0.09	0.092
81000s	36.9 ¡C	0.094	0.086	0.101	0.086	0.087	0.088	0.089	0.085	0.088	0.089	0.093	0.085	0.087	0.086	0.091	0.088	0.091	0.091	0.088	0.089	0.089	0.087	0.089	0.095	0.088	0.085	0.087	0.088	0.088	0.085	0.09	0.092	0.091	0.092	0.091	0.09	0.09	0.087	0.095	0.09	0.088	0.09	0.092	0.084	0.084	0.088	0.09	0.088	0.089	0.087	0.15	0.093	0.094	0.144	0.141	0.092	0.093	0.086	0.148	0.09	0.096	0.152	0.141	0.093	0.089	0.086	0.148	0.093	0.103	0.151	0.159	0.097	0.098	0.093	0.169	0.101	0.098	0.161	0.091	0.099	0.093	0.095	0.172	0.095	0.101	0.164	0.093	0.117	0.095	0.094	0.149	0.099	0.101	0.156	0.09	0.092
81900s	36.8 ¡C	0.094	0.085	0.099	0.086	0.087	0.088	0.089	0.085	0.088	0.089	0.093	0.085	0.087	0.086	0.091	0.088	0.091	0.091	0.088	0.089	0.089	0.087	0.089	0.095	0.088	0.085	0.087	0.088	0.088	0.085	0.09	0.092	0.09	0.092	0.091	0.091	0.09	0.087	0.095	0.09	0.088	0.089	0.092	0.084	0.084	0.088	0.09	0.088	0.09	0.087	0.15	0.092	0.094	0.144	0.141	0.092	0.093	0.086	0.148	0.09	0.096	0.152	0.141	0.093	0.089	0.086	0.147	0.093	0.103	0.15	0.16	0.097	0.098	0.093	0.169	0.101	0.098	0.162	0.091	0.099	0.093	0.095	0.172	0.095	0.101	0.165	0.093	0.117	0.095	0.093	0.149	0.099	0.101	0.156	0.09	0.092
82801s	36.5 ¡C	0.094	0.085	0.101	0.086	0.087	0.088	0.089	0.085	0.088	0.088	0.093	0.085	0.087	0.086	0.091	0.088	0.091	0.09	0.088	0.089	0.089	0.087	0.089	0.095	0.088	0.085	0.087	0.088	0.087	0.085	0.09	0.092	0.09	0.092	0.091	0.091	0.091	0.087	0.095	0.09	0.088	0.088	0.092	0.084	0.084	0.088	0.09	0.088	0.091	0.087	0.15	0.092	0.094	0.143	0.141	0.092	0.093	0.086	0.148	0.09	0.096	0.152	0.141	0.093	0.089	0.086	0.147	0.093	0.102	0.15	0.161	0.097	0.098	0.093	0.169	0.101	0.098	0.162	0.091	0.099	0.093	0.095	0.172	0.095	0.101	0.165	0.093	0.117	0.095	0.093	0.149	0.099	0.101	0.157	0.09	0.092
83700s	36.8 ¡C	0.094	0.085	0.1	0.085	0.086	0.088	0.089	0.085	0.088	0.089	0.094	0.085	0.087	0.086	0.091	0.088	0.091	0.091	0.088	0.089	0.088	0.087	0.089	0.094	0.089	0.085	0.087	0.088	0.087	0.085	0.089	0.092	0.09	0.092	0.092	0.09	0.091	0.087	0.095	0.09	0.088	0.089	0.092	0.084	0.084	0.088	0.09	0.088	0.09	0.087	0.15	0.093	0.094	0.143	0.141	0.092	0.093	0.086	0.148	0.09	0.096	0.152	0.141	0.093	0.089	0.086	0.147	0.093	0.102	0.15	0.161	0.097	0.098	0.093	0.17	0.101	0.098	0.163	0.091	0.099	0.093	0.095	0.173	0.095	0.101	0.165	0.092	0.117	0.095	0.094	0.149	0.099	0.101	0.157	0.09	0.092
84600s	36.7 ¡C	0.094	0.085	0.101	0.085	0.087	0.088	0.089	0.085	0.088	0.088	0.094	0.084	0.087	0.086	0.09	0.088	0.09	0.09	0.088	0.089	0.089	0.087	0.089	0.095	0.088	0.085	0.087	0.088	0.088	0.085	0.09	0.092	0.09	0.092	0.092	0.09	0.09	0.087	0.096	0.09	0.088	0.088	0.092	0.084	0.084	0.088	0.09	0.088	0.089	0.087	0.15	0.093	0.094	0.143	0.141	0.092	0.093	0.086	0.149	0.09	0.096	0.152	0.141	0.093	0.089	0.086	0.147	0.093	0.103	0.15	0.161	0.097	0.098	0.093	0.17	0.101	0.098	0.163	0.09	0.099	0.093	0.095	0.173	0.095	0.101	0.165	0.093	0.117	0.095	0.093	0.149	0.099	0.101	0.157	0.09	0.092
85501s	36.9 ¡C	0.095	0.085	0.1	0.085	0.086	0.088	0.089	0.085	0.088	0.088	0.094	0.085	0.087	0.086	0.091	0.088	0.09	0.09	0.088	0.089	0.088	0.087	0.089	0.095	0.088	0.085	0.087	0.088	0.088	0.085	0.09	0.092	0.09	0.092	0.092	0.091	0.09	0.087	0.096	0.09	0.088	0.088	0.093	0.084	0.084	0.088	0.09	0.088	0.09	0.087	0.15	0.092	0.094	0.144	0.141	0.092	0.094	0.086	0.149	0.09	0.096	0.152	0.141	0.093	0.089	0.086	0.147	0.093	0.102	0.15	0.161	0.097	0.099	0.093	0.17	0.101	0.098	0.163	0.09	0.099	0.093	0.095	0.173	0.095	0.101	0.165	0.092	0.117	0.095	0.093	0.149	0.099	0.101	0.157	0.09	0.092